1,287801,1.714291, 0.050945
1,589026,1.703458, 0.060323
1,869235,1.694950, 0.064446
1,1169192,1.687503, 0.069700
1,1446990,1.682356, 0.075797
1,1708532,1.676493, 0.080808
1,1995356,1.669960, 0.089012
1,2276892,1.664484, 0.096659
1,2555456,1.659887, 0.103078
1,2841295,1.655108, 0.111967
1,3129121,1.650960, 0.121911
1,3417713,1.647089, 0.131610
1,3727068,1.643591, 0.139578
1,4005038,1.640248, 0.149558
1,4297124,1.636900, 0.158845
1,4574234,1.634113, 0.167538
1,4847777,1.631297, 0.177991
1,5136780,1.629026, 0.185749
1,5433333,1.626894, 0.192387
1,5713848,1.624306, 0.202033
1,5974005,1.622175, 0.210159
1,6287077,1.619872, 0.217779
1,6566856,1.617806, 0.224246
1,6863742,1.615709, 0.231044
1,7161987,1.613703, 0.237588
1,7444759,1.611574, 0.244828
1,7729857,1.609681, 0.251390
1,8012945,1.607782, 0.258970
1,8297333,1.605972, 0.264920
1,8571154,1.604290, 0.271728
1,8846306,1.602471, 0.277909
1,9141162,1.600522, 0.285066
1,9447821,1.598798, 0.290640
1,9715550,1.597212, 0.296029
1,10007564,1.595992, 0.299637
1,10268341,1.594521, 0.304206
1,10590374,1.592548, 0.309890
1,10880696,1.590981, 0.314048
1,11151513,1.589647, 0.317472
1,11444651,1.588061, 0.321435
1,11739683,1.586398, 0.326174
1,12014291,1.584869, 0.329969
1,12308383,1.583146, 0.333856
1,12581413,1.581688, 0.337261
1,12835481,1.580255, 0.340533
1,13125176,1.578798, 0.343888
1,13435197,1.577457, 0.346479
1,13704199,1.576175, 0.349146
1,13981735,1.574789, 0.351931
1,14247850,1.573330, 0.354954
1,14527280,1.571928, 0.357615
1,14813530,1.570488, 0.360491
1,15102719,1.568951, 0.363378
1,15402151,1.567448, 0.366312
1,15696079,1.566009, 0.368953
1,15977400,1.564480, 0.371908
1,16264175,1.562898, 0.374715
1,16559248,1.561512, 0.376989
1,16850326,1.560083, 0.379341
1,17150854,1.558627, 0.381579
1,17444792,1.557190, 0.383811
1,17732841,1.555926, 0.385798
1,17998993,1.554464, 0.388093
1,18279395,1.552938, 0.390524
1,18570518,1.551359, 0.392870
1,18873478,1.549983, 0.394746
1,19156490,1.548317, 0.397267
1,19446513,1.546644, 0.399706
1,19727419,1.544833, 0.402325
1,20039365,1.542866, 0.404935
1,20303169,1.540953, 0.407739
1,20572343,1.538982, 0.410628
1,20871298,1.537042, 0.413122
1,21151972,1.535185, 0.415572
1,21442639,1.533108, 0.418293
1,21708733,1.531209, 0.420887
1,21984560,1.529178, 0.423862
1,22284378,1.526856, 0.427150
1,22599997,1.524509, 0.429986
1,22908897,1.522123, 0.433037
1,23195258,1.519819, 0.436218
1,23501897,1.517434, 0.439471
1,23783650,1.515240, 0.442500
1,24101037,1.512710, 0.445940
1,24420585,1.510176, 0.449188
1,24679723,1.508187, 0.451684
1,24972749,1.505844, 0.454778
1,25271425,1.503665, 0.457522
1,25571712,1.501399, 0.460424
1,25850427,1.499219, 0.463513
1,26156046,1.496718, 0.466736
1,26438256,1.494427, 0.469574
1,26692430,1.492326, 0.472269
1,26960236,1.490239, 0.474861
1,27261201,1.487880, 0.477678
1,27588116,1.485347, 0.480573
1,27903540,1.482825, 0.483399
1,28182634,1.480585, 0.486241
1,28444175,1.478497, 0.488829
1,28734444,1.476175, 0.491834
1,29033739,1.473840, 0.494726
1,29325416,1.471484, 0.497655
1,29605261,1.469258, 0.500349
1,29865154,1.467190, 0.503025
1,30132185,1.465085, 0.505573
1,30431301,1.462885, 0.508078
1,30695818,1.460780, 0.510642
1,30981626,1.458554, 0.513388
1,31274345,1.456232, 0.516305
1,31581532,1.453799, 0.519327
1,31827263,1.451862, 0.521727
1,32115077,1.449709, 0.524347
1,32410501,1.447393, 0.527208
1,32703494,1.445160, 0.529965
1,32998197,1.442880, 0.532840
1,33270873,1.440772, 0.535493
1,33546885,1.438642, 0.538213
1,33841528,1.436433, 0.540883
1,34145408,1.434158, 0.543675
1,34441331,1.431989, 0.546398
1,34728222,1.429894, 0.548861
1,34998081,1.427981, 0.551139
1,35274207,1.425939, 0.553711
1,35552018,1.423959, 0.556157
1,35835948,1.421870, 0.558749
1,36127832,1.419754, 0.561292
1,36452337,1.417552, 0.563894
1,36730466,1.415598, 0.566197
1,37019508,1.413549, 0.568636
1,37289105,1.411587, 0.571008
1,37578889,1.409539, 0.573474
1,37824797,1.407841, 0.575542
1,38135122,1.405636, 0.578195
1,38423852,1.403720, 0.580418
1,38711911,1.401772, 0.582750
1,39039343,1.399717, 0.585033
1,39301431,1.398053, 0.586851
1,39599768,1.396035, 0.589317
1,39856525,1.394307, 0.591255
1,40092176,1.392717, 0.593123
2,273764,1.118686, 0.907533
2,594363,1.117224, 0.911648
2,875595,1.115972, 0.910607
2,1155462,1.114934, 0.913120
2,1462514,1.115681, 0.912824
2,1752054,1.115444, 0.912557
2,2073404,1.113854, 0.912591
2,2371065,1.113738, 0.911574
2,2671334,1.112192, 0.911744
2,2965661,1.110915, 0.911754
2,3250891,1.110051, 0.911404
2,3535868,1.108832, 0.911614
2,3834128,1.107931, 0.911778
2,4102120,1.107122, 0.912133
2,4380777,1.106646, 0.911684
2,4651888,1.106057, 0.911232
2,4949462,1.104918, 0.912147
2,5187636,1.104554, 0.912057
2,5458823,1.103681, 0.912537
2,5742735,1.102614, 0.913347
2,6043741,1.101772, 0.913729
2,6314499,1.100735, 0.914296
2,6600791,1.099794, 0.914600
2,6919769,1.099004, 0.915035
2,7198465,1.098109, 0.915392
2,7461660,1.097283, 0.915406
2,7739256,1.096638, 0.915361
2,8005075,1.095727, 0.915718
2,8312978,1.094575, 0.916452
2,8568620,1.093878, 0.916086
2,8865814,1.092955, 0.916559
2,9166104,1.092232, 0.916982
2,9491458,1.091189, 0.917553
2,9788574,1.090100, 0.918080
2,10075805,1.089064, 0.918641
2,10377151,1.088074, 0.918989
2,10655185,1.087032, 0.919410
2,10927730,1.086195, 0.919473
2,11205438,1.085355, 0.919792
2,11485070,1.084461, 0.920037
2,11797741,1.083610, 0.920445
2,12082162,1.082885, 0.920566
2,12382458,1.081962, 0.920852
2,12665373,1.081177, 0.920932
2,12978896,1.080382, 0.921126
2,13264868,1.079496, 0.921384
2,13548970,1.078647, 0.921510
2,13820772,1.077817, 0.921653
2,14106748,1.077014, 0.921729
2,14400786,1.076084, 0.921937
2,14708419,1.075228, 0.922259
2,14960209,1.074460, 0.922349
2,15294895,1.073808, 0.922513
2,15606859,1.072846, 0.922851
2,15847541,1.072422, 0.922577
2,16111046,1.071731, 0.922730
2,16418415,1.070740, 0.923016
2,16692994,1.070005, 0.923191
2,17037531,1.069132, 0.923552
2,17325683,1.068296, 0.923673
2,17607533,1.067466, 0.923935
2,17913051,1.066618, 0.924273
2,18190524,1.065744, 0.924474
2,18457565,1.064987, 0.924639
2,18743880,1.064251, 0.924927
2,19008242,1.063623, 0.924834
2,19335313,1.062781, 0.925160
2,19598121,1.062026, 0.925297
2,19902399,1.061236, 0.925288
2,20157391,1.060526, 0.925335
2,20442824,1.059852, 0.925459
2,20726626,1.059055, 0.925591
2,20998493,1.058434, 0.925471
2,21312520,1.057693, 0.925692
2,21592631,1.056924, 0.925774
2,21877558,1.056239, 0.925933
2,22194328,1.055412, 0.926120
2,22500085,1.054576, 0.926366
2,22794347,1.053858, 0.926406
2,23076816,1.053091, 0.926487
2,23361565,1.052318, 0.926607
2,23645131,1.051574, 0.926780
2,23923358,1.050914, 0.926809
2,24206097,1.050218, 0.926945
2,24481263,1.049601, 0.927091
2,24762070,1.048921, 0.927102
2,25042737,1.048235, 0.927207
2,25309215,1.047595, 0.927174
2,25591463,1.046927, 0.927156
2,25872069,1.046228, 0.927311
2,26192080,1.045730, 0.927396
2,26455523,1.045056, 0.927452
2,26723322,1.044355, 0.927573
2,27024029,1.043598, 0.927644
2,27301128,1.042950, 0.927814
2,27584942,1.042203, 0.927937
2,27892685,1.041446, 0.928066
2,28167044,1.040874, 0.928179
2,28426026,1.040221, 0.928228
2,28708365,1.039499, 0.928337
2,28986753,1.038821, 0.928355
2,29263937,1.038130, 0.928492
2,29536803,1.037497, 0.928464
2,29808529,1.036783, 0.928599
2,30119862,1.036064, 0.928709
2,30426948,1.035244, 0.928890
2,30716945,1.034455, 0.929040
2,31015601,1.033698, 0.929218
2,31305107,1.032991, 0.929328
2,31594421,1.032255, 0.929487
2,31894457,1.031549, 0.929561
2,32169280,1.031005, 0.929472
2,32461858,1.030263, 0.929621
2,32741052,1.029549, 0.929755
2,33034670,1.028811, 0.929904
2,33331592,1.028140, 0.929957
2,33614354,1.027469, 0.930031
2,33901218,1.026746, 0.930179
2,34197921,1.026056, 0.930306
2,34481608,1.025377, 0.930380
2,34751299,1.024736, 0.930439
2,35026239,1.024148, 0.930533
2,35310640,1.023458, 0.930670
2,35588410,1.022825, 0.930717
2,35874848,1.022179, 0.930798
2,36163217,1.021614, 0.930899
2,36441862,1.020981, 0.930999
2,36749205,1.020346, 0.931102
2,37006407,1.019742, 0.931146
2,37265840,1.019210, 0.931105
2,37553936,1.018566, 0.931153
2,37837425,1.017967, 0.931201
2,38106965,1.017344, 0.931277
2,38401386,1.016632, 0.931381
2,38701959,1.015923, 0.931471
2,39005726,1.015232, 0.931602
2,39299030,1.014576, 0.931686
2,39582746,1.013938, 0.931721
2,39864117,1.013300, 0.931794
2,40092176,1.012849, 0.931876
3,286488,0.916891, 0.943404
3,557707,0.918363, 0.941600
3,828104,0.917826, 0.941447
3,1111411,0.918079, 0.941151
3,1425585,0.917916, 0.942694
3,1724854,0.918170, 0.943697
3,2014094,0.917193, 0.944353
3,2261705,0.916824, 0.943933
3,2547308,0.916191, 0.943967
3,2814506,0.915226, 0.944138
3,3098594,0.913705, 0.945234
3,3376412,0.912654, 0.945642
3,3688657,0.912023, 0.946279
3,3955692,0.911700, 0.946262
3,4253055,0.911935, 0.946328
3,4547072,0.911141, 0.947109
3,4833892,0.910704, 0.947187
3,5138253,0.910349, 0.947595
3,5410960,0.910004, 0.947535
3,5672956,0.909653, 0.947295
3,5954106,0.909205, 0.947249
3,6209967,0.908877, 0.947165
3,6503481,0.908590, 0.947154
3,6803651,0.908134, 0.947456
3,7082109,0.907878, 0.947031
3,7374368,0.907965, 0.947119
3,7673578,0.907288, 0.947566
3,7968046,0.907496, 0.947480
3,8230653,0.907044, 0.947544
3,8513281,0.906639, 0.947565
3,8790376,0.906767, 0.946916
3,9095957,0.906221, 0.947049
3,9402527,0.906256, 0.947125
3,9713682,0.905465, 0.947467
3,9983019,0.904925, 0.947509
3,10275153,0.904360, 0.947558
3,10541649,0.904206, 0.947493
3,10824122,0.903856, 0.947505
3,11095659,0.903395, 0.947510
3,11378273,0.903015, 0.947513
3,11656977,0.902603, 0.947621
3,11944044,0.902109, 0.947678
3,12235434,0.901840, 0.947588
3,12529137,0.901345, 0.947752
3,12825739,0.900847, 0.947915
3,13085983,0.900530, 0.947824
3,13388838,0.900181, 0.947900
3,13657922,0.899823, 0.947914
3,13954019,0.899344, 0.947963
3,14277542,0.899019, 0.948016
3,14584623,0.898661, 0.948063
3,14855047,0.898354, 0.947979
3,15139215,0.898004, 0.948001
3,15405966,0.897629, 0.948006
3,15701877,0.897374, 0.948061
3,16008220,0.896920, 0.948190
3,16293974,0.896529, 0.948202
3,16583545,0.896228, 0.948147
3,16859077,0.895862, 0.948150
3,17155720,0.895474, 0.948236
3,17451522,0.895215, 0.948326
3,17714160,0.894818, 0.948424
3,18036733,0.894405, 0.948500
3,18345942,0.894091, 0.948609
3,18628201,0.893643, 0.948691
3,18878583,0.893425, 0.948519
3,19167688,0.892928, 0.948673
3,19466359,0.892720, 0.948412
3,19745245,0.892409, 0.948457
3,20036696,0.891947, 0.948504
3,20319007,0.891681, 0.948464
3,20610338,0.891270, 0.948524
3,20859542,0.891009, 0.948452
3,21137372,0.890584, 0.948546
3,21433230,0.890307, 0.948565
3,21705382,0.889903, 0.948576
3,21993007,0.889579, 0.948554
3,22271668,0.889237, 0.948586
3,22548117,0.888877, 0.948585
3,22810055,0.888566, 0.948502
3,23110859,0.888209, 0.948523
3,23392816,0.887826, 0.948587
3,23672200,0.887412, 0.948642
3,23958328,0.886977, 0.948682
3,24275093,0.886848, 0.948655
3,24589400,0.886618, 0.948695
3,24869930,0.886200, 0.948737
3,25164327,0.885750, 0.948825
3,25465821,0.885380, 0.948919
3,25750559,0.885137, 0.948904
3,26046540,0.884923, 0.948862
3,26347590,0.884524, 0.948880
3,26643776,0.884190, 0.948940
3,26943031,0.883792, 0.948999
3,27242041,0.883577, 0.948986
3,27535533,0.883336, 0.948803
3,27814913,0.883003, 0.948761
3,28078467,0.882691, 0.948743
3,28383021,0.882373, 0.948802
3,28671392,0.882074, 0.948783
3,28969600,0.881712, 0.948827
3,29265517,0.881461, 0.948838
3,29549730,0.881099, 0.948860
3,29857694,0.880706, 0.948877
3,30112163,0.880495, 0.948742
3,30396015,0.880149, 0.948757
3,30670755,0.879783, 0.948778
3,30960427,0.879416, 0.948802
3,31262204,0.879015, 0.948872
3,31536985,0.878635, 0.948894
3,31786496,0.878346, 0.948860
3,32080097,0.877952, 0.948920
3,32352850,0.877612, 0.948908
3,32626575,0.877223, 0.948939
3,32937385,0.876802, 0.948938
3,33227334,0.876407, 0.948948
3,33523692,0.875977, 0.948977
3,33793846,0.875625, 0.949005
3,34096622,0.875212, 0.949018
3,34382418,0.874894, 0.949015
3,34673334,0.874546, 0.949043
3,34972924,0.874144, 0.949096
3,35277272,0.873766, 0.949128
3,35574139,0.873394, 0.949192
3,35876118,0.873015, 0.949263
3,36158532,0.872631, 0.949299
3,36454389,0.872227, 0.949342
3,36731264,0.871859, 0.949391
3,37001928,0.871526, 0.949383
3,37288071,0.871166, 0.949378
3,37572949,0.870817, 0.949400
3,37858332,0.870663, 0.949355
3,38130765,0.870328, 0.949348
3,38436891,0.869940, 0.949381
3,38724506,0.869582, 0.949429
3,39011402,0.869145, 0.949489
3,39279990,0.868820, 0.949454
3,39589562,0.868423, 0.949513
3,39857031,0.868090, 0.949500
3,40092176,0.867805, 0.949482
4,277668,0.816129, 0.954907
4,551775,0.819563, 0.954364
4,816056,0.814989, 0.955568
4,1127584,0.821047, 0.954123
4,1422962,0.818578, 0.955174
4,1724826,0.817283, 0.955966
4,2027208,0.816279, 0.955971
4,2319433,0.815116, 0.956019
4,2588056,0.814797, 0.955462
4,2878259,0.813611, 0.956103
4,3168259,0.813322, 0.955725
4,3460512,0.814173, 0.956059
4,3735299,0.813480, 0.956527
4,4020142,0.812915, 0.956383
4,4331390,0.812286, 0.956614
4,4612153,0.811724, 0.956648
4,4897049,0.811493, 0.956751
4,5161364,0.811361, 0.956744
4,5451339,0.810696, 0.956897
4,5750336,0.810682, 0.957005
4,6033180,0.810321, 0.957048
4,6315201,0.809965, 0.957148
4,6584680,0.809762, 0.957064
4,6884663,0.809423, 0.957188
4,7162035,0.809256, 0.957094
4,7463699,0.809527, 0.957109
4,7733607,0.809238, 0.957076
4,8020105,0.808884, 0.957226
4,8296477,0.809051, 0.956755
4,8595604,0.808756, 0.957021
4,8865177,0.808440, 0.957073
4,9157769,0.808129, 0.957029
4,9448506,0.807889, 0.956964
4,9723330,0.807627, 0.956908
4,10003786,0.807358, 0.956866
4,10273112,0.807096, 0.956916
4,10571657,0.806933, 0.956913
4,10846993,0.806690, 0.956886
4,11109186,0.806550, 0.956940
4,11423306,0.807037, 0.956670
4,11688193,0.806790, 0.956663
4,11967195,0.806545, 0.956679
4,12236222,0.806265, 0.956672
4,12542392,0.805992, 0.956687
4,12824446,0.805679, 0.956802
4,13079979,0.805552, 0.956666
4,13366242,0.805298, 0.956719
4,13655638,0.805085, 0.956677
4,13942634,0.804814, 0.956689
4,14216998,0.804532, 0.956780
4,14511418,0.804157, 0.956866
4,14801517,0.803966, 0.956887
4,15088740,0.803820, 0.956925
4,15377560,0.803799, 0.956936
4,15698404,0.803719, 0.956964
4,15988168,0.803838, 0.956878
4,16270523,0.803601, 0.956850
4,16527855,0.803495, 0.956770
4,16827967,0.803385, 0.956795
4,17118313,0.803167, 0.956780
4,17394014,0.802997, 0.956817
4,17661740,0.802738, 0.956886
4,17933247,0.802714, 0.956874
4,18215257,0.802660, 0.956694
4,18514797,0.802543, 0.956781
4,18812151,0.802249, 0.956854
4,19114105,0.801963, 0.956972
4,19395587,0.801760, 0.957021
4,19681066,0.801631, 0.957084
4,20000268,0.801580, 0.957070
4,20318394,0.801352, 0.957053
4,20595894,0.801170, 0.957051
4,20876289,0.800931, 0.957104
4,21171541,0.800775, 0.957160
4,21431867,0.800591, 0.957136
4,21736815,0.800334, 0.957138
4,22006893,0.800134, 0.957121
4,22287827,0.799940, 0.957112
4,22627294,0.799857, 0.957141
4,22928542,0.799677, 0.957149
4,23216133,0.799582, 0.957158
4,23496694,0.799379, 0.957208
4,23797868,0.799124, 0.957226
4,24057616,0.799158, 0.957054
4,24332753,0.799084, 0.957084
4,24603170,0.798874, 0.957081
4,24898128,0.798668, 0.957096
4,25177379,0.798494, 0.957109
4,25456235,0.798311, 0.957101
4,25737574,0.798158, 0.957066
4,26028290,0.797946, 0.957086
4,26317387,0.798029, 0.957022
4,26581273,0.797906, 0.956967
4,26874630,0.797690, 0.956972
4,27162296,0.797419, 0.957019
4,27450374,0.797229, 0.957060
4,27733961,0.797091, 0.956974
4,27994778,0.796896, 0.956977
4,28277144,0.796775, 0.957014
4,28581074,0.796528, 0.957053
4,28870552,0.796319, 0.957111
4,29167376,0.796160, 0.957122
4,29460226,0.795922, 0.957153
4,29745096,0.795776, 0.957095
4,30044734,0.795744, 0.957098
4,30351704,0.795561, 0.957065
4,30631921,0.795378, 0.957054
4,30943694,0.795276, 0.957076
4,31259775,0.795064, 0.957098
4,31520588,0.794914, 0.957080
4,31793576,0.794823, 0.957044
4,32077590,0.794612, 0.957058
4,32369655,0.794446, 0.957068
4,32650565,0.794232, 0.957081
4,32925544,0.794057, 0.957067
4,33215786,0.793850, 0.957081
4,33539504,0.793710, 0.957129
4,33828421,0.793518, 0.957166
4,34109534,0.793333, 0.957169
4,34379705,0.793219, 0.957103
4,34666529,0.792987, 0.957123
4,34968451,0.792836, 0.957133
4,35238502,0.792657, 0.957135
4,35529521,0.792658, 0.957126
4,35814688,0.792476, 0.957148
4,36107072,0.792343, 0.957151
4,36401439,0.792139, 0.957178
4,36694661,0.791941, 0.957225
4,36993576,0.791720, 0.957266
4,37275233,0.791577, 0.957224
4,37547097,0.791399, 0.957225
4,37834264,0.791234, 0.957241
4,38101699,0.791102, 0.957190
4,38392623,0.790924, 0.957236
4,38662217,0.790761, 0.957233
4,38975906,0.790633, 0.957231
4,39277120,0.790438, 0.957291
4,39554494,0.790247, 0.957307
4,39865756,0.790140, 0.957312
4,40092176,0.790019, 0.957285
5,304938,0.760204, 0.961182
5,578597,0.760394, 0.962561
5,865039,0.760822, 0.963116
5,1127361,0.762949, 0.959849
5,1404550,0.761263, 0.961092
5,1671069,0.762210, 0.959611
5,1947912,0.761875, 0.959497
5,2225458,0.761278, 0.959724
5,2495065,0.760703, 0.960036
5,2788419,0.760745, 0.960512
5,3052187,0.761488, 0.959740
5,3358486,0.761659, 0.960038
5,3656535,0.761254, 0.960267
5,3952065,0.761011, 0.960244
5,4250516,0.760737, 0.960466
5,4544692,0.762519, 0.960193
5,4842997,0.762018, 0.960640
5,5128886,0.761503, 0.960814
5,5426293,0.761136, 0.960898
5,5710657,0.760906, 0.961031
5,5987876,0.760791, 0.960975
5,6274649,0.760624, 0.961173
5,6576561,0.760502, 0.961088
5,6853604,0.760372, 0.960983
5,7112062,0.760375, 0.960906
5,7411048,0.760088, 0.961083
5,7722093,0.760968, 0.960902
5,7995629,0.760896, 0.960841
5,8327627,0.761951, 0.960794
5,8625638,0.761909, 0.960801
5,8900528,0.761628, 0.960942
5,9152594,0.761735, 0.960748
5,9478898,0.762956, 0.960717
5,9757237,0.762858, 0.960757
5,10058140,0.763163, 0.960816
5,10367368,0.762967, 0.960958
5,10636021,0.763046, 0.960780
5,10918378,0.762903, 0.960883
5,11202823,0.762768, 0.960793
5,11482559,0.762679, 0.960711
5,11773327,0.762467, 0.960709
5,12045780,0.762363, 0.960725
5,12333888,0.762302, 0.960667
5,12674672,0.763529, 0.960450
5,12948506,0.763497, 0.960481
5,13225236,0.763238, 0.960546
5,13493632,0.763094, 0.960638
5,13784606,0.762966, 0.960651
5,14098072,0.762875, 0.960672
5,14383226,0.762645, 0.960712
5,14698157,0.762612, 0.960799
5,14992254,0.762478, 0.960792
5,15319672,0.762652, 0.960905
5,15623080,0.762431, 0.960903
5,15926201,0.762402, 0.960799
5,16217837,0.762504, 0.960792
5,16513283,0.762610, 0.960859
5,16768431,0.762383, 0.960952
5,17065619,0.762226, 0.960926
5,17342957,0.762236, 0.960804
5,17606681,0.762043, 0.960870
5,17910957,0.762019, 0.960938
5,18187214,0.761936, 0.960955
5,18471873,0.761807, 0.960979
5,18741146,0.761684, 0.960955
5,19044783,0.761812, 0.960975
5,19342032,0.761667, 0.960994
5,19639774,0.761873, 0.961016
5,19930479,0.761684, 0.961047
5,20212837,0.761579, 0.961045
5,20493002,0.761425, 0.961080
5,20788952,0.761488, 0.961077
5,21069367,0.761633, 0.960913
5,21351545,0.761495, 0.960915
5,21645058,0.761512, 0.960936
5,21920323,0.761488, 0.960961
5,22175253,0.761349, 0.960993
5,22445446,0.761298, 0.960984
5,22731750,0.761248, 0.961011
5,23022481,0.761078, 0.961033
5,23280585,0.760964, 0.961074
5,23584046,0.760860, 0.961118
5,23881699,0.760786, 0.961131
5,24174877,0.760634, 0.961180
5,24421554,0.760578, 0.961182
5,24686483,0.760468, 0.961184
5,24938963,0.760362, 0.961188
5,25219871,0.760344, 0.961131
5,25489166,0.760194, 0.961183
5,25748896,0.760094, 0.961199
5,26047090,0.759936, 0.961229
5,26327396,0.759870, 0.961259
5,26590849,0.760071, 0.961054
5,26856869,0.759990, 0.961059
5,27149831,0.759924, 0.961042
5,27436603,0.759801, 0.961057
5,27719545,0.759723, 0.961075
5,28006024,0.759632, 0.961068
5,28282660,0.759562, 0.961070
5,28578606,0.759530, 0.961057
5,28879342,0.759495, 0.961043
5,29165954,0.759376, 0.961102
5,29470801,0.759273, 0.961092
5,29747994,0.759166, 0.961095
5,30037077,0.759075, 0.961123
5,30317985,0.759032, 0.961111
5,30630159,0.758962, 0.961119
5,30892682,0.758898, 0.961099
5,31161044,0.758775, 0.961130
5,31407902,0.758702, 0.961116
5,31727180,0.758743, 0.961132
5,32011714,0.758635, 0.961162
5,32316407,0.758649, 0.961149
5,32585866,0.758589, 0.961127
5,32856573,0.758498, 0.961123
5,33148652,0.758531, 0.961148
5,33399885,0.758532, 0.961084
5,33681396,0.758476, 0.961108
5,34003803,0.758497, 0.961106
5,34288604,0.758459, 0.961129
5,34596408,0.758325, 0.961146
5,34894565,0.758217, 0.961199
5,35184953,0.758133, 0.961220
5,35484927,0.758062, 0.961220
5,35765381,0.757998, 0.961237
5,36102515,0.758058, 0.961237
5,36419961,0.758026, 0.961251
5,36685114,0.757944, 0.961257
5,36972662,0.757886, 0.961223
5,37248165,0.757877, 0.961199
5,37541128,0.757817, 0.961225
5,37832883,0.757751, 0.961226
5,38144214,0.757643, 0.961251
5,38462249,0.757730, 0.961273
5,38727028,0.757713, 0.961205
5,39002372,0.757702, 0.961149
5,39284312,0.757678, 0.961135
5,39577918,0.757661, 0.961143
5,39873618,0.757569, 0.961159
5,40092176,0.757515, 0.961195
1,299269,1.598351, 0.277202
1,601262,1.589027, 0.289321
1,858867,1.583154, 0.291195
1,1142605,1.577735, 0.290487
1,1432744,1.572158, 0.293410
1,1717548,1.567131, 0.296821
1,1997010,1.562303, 0.300187
1,2285017,1.557982, 0.302590
1,2569753,1.554997, 0.301258
1,2862502,1.551597, 0.303200
1,3175272,1.548486, 0.303964
1,3446992,1.545648, 0.306466
1,3710959,1.542732, 0.309253
1,4017882,1.539222, 0.312683
1,4317705,1.536221, 0.314322
1,4599595,1.533483, 0.317420
1,4858148,1.530772, 0.320855
1,5135797,1.527937, 0.324154
1,5415970,1.525464, 0.326179
1,5694410,1.522932, 0.328707
1,5986043,1.520068, 0.331846
1,6253607,1.517663, 0.334656
1,6562424,1.514840, 0.337665
1,6857886,1.512074, 0.340879
1,7134540,1.509532, 0.343862
1,7412603,1.506969, 0.346842
1,7731059,1.504206, 0.349815
1,8025754,1.501453, 0.352983
1,8300175,1.499012, 0.355960
1,8592624,1.496396, 0.359053
1,8870959,1.493913, 0.362165
1,9179908,1.491027, 0.365707
1,9447380,1.488713, 0.368464
1,9728073,1.486059, 0.372316
1,10028428,1.483400, 0.375599
1,10289146,1.480907, 0.379232
1,10553613,1.478463, 0.382831
1,10872560,1.475517, 0.386889
1,11180743,1.473041, 0.389630
1,11451000,1.470561, 0.393448
1,11727370,1.467902, 0.397207
1,12014765,1.465201, 0.401064
1,12302379,1.462640, 0.404329
1,12592774,1.459906, 0.408501
1,12883623,1.457404, 0.411793
1,13177675,1.454781, 0.415571
1,13471784,1.452151, 0.419327
1,13756388,1.449792, 0.422360
1,14049100,1.447310, 0.425433
1,14311229,1.444992, 0.428936
1,14610529,1.442363, 0.432292
1,14890013,1.439889, 0.435674
1,15168115,1.437328, 0.439376
1,15437430,1.434907, 0.442752
1,15741349,1.432376, 0.446074
1,16019132,1.429937, 0.449407
1,16325171,1.427186, 0.453232
1,16643347,1.424303, 0.457242
1,16941225,1.421709, 0.460856
1,17217201,1.419378, 0.463965
1,17537768,1.416635, 0.467483
1,17826852,1.414119, 0.470706
1,18105175,1.411706, 0.473954
1,18402849,1.409049, 0.477434
1,18686315,1.406592, 0.480691
1,18946735,1.404396, 0.483798
1,19215199,1.402132, 0.486667
1,19493521,1.399712, 0.489782
1,19778504,1.397244, 0.493029
1,20072306,1.394621, 0.496690
1,20341029,1.392266, 0.499851
1,20636106,1.389594, 0.503497
1,20906690,1.387283, 0.506571
1,21182448,1.384864, 0.509773
1,21483929,1.382405, 0.512900
1,21742152,1.380182, 0.515955
1,22011374,1.377924, 0.518891
1,22303992,1.375424, 0.522130
1,22571118,1.373166, 0.525281
1,22871528,1.370576, 0.528774
1,23133855,1.368335, 0.531860
1,23407263,1.366031, 0.534906
1,23711287,1.363412, 0.538380
1,24017059,1.360859, 0.541769
1,24320650,1.358308, 0.545130
1,24636112,1.355743, 0.548478
1,24934383,1.353246, 0.551780
1,25235155,1.350713, 0.555116
1,25552404,1.348083, 0.558624
1,25819862,1.345904, 0.561476
1,26117985,1.343485, 0.564632
1,26424904,1.341041, 0.567900
1,26726743,1.338607, 0.571005
1,27013231,1.336339, 0.574016
1,27298116,1.334057, 0.576994
1,27575670,1.331914, 0.579699
1,27839391,1.329851, 0.582407
1,28083256,1.328152, 0.584648
1,28349584,1.326070, 0.587355
1,28631419,1.324013, 0.589938
1,28907270,1.321891, 0.592640
1,29192242,1.319733, 0.595403
1,29490952,1.317530, 0.598217
1,29763494,1.315455, 0.600837
1,30039395,1.313366, 0.603426
1,30334741,1.311155, 0.606182
1,30635421,1.309012, 0.608841
1,30910446,1.306998, 0.611318
1,31213634,1.304741, 0.614094
1,31494422,1.302666, 0.616619
1,31805368,1.300424, 0.619344
1,32083295,1.298376, 0.621838
1,32371090,1.296348, 0.624275
1,32639317,1.294457, 0.626525
1,32932563,1.292392, 0.628978
1,33233888,1.290239, 0.631529
1,33512616,1.288248, 0.633882
1,33791739,1.286303, 0.636161
1,34065419,1.284391, 0.638367
1,34330012,1.282601, 0.640425
1,34600036,1.280755, 0.642528
1,34867392,1.279041, 0.644489
1,35158596,1.277023, 0.646765
1,35446440,1.275071, 0.648938
1,35723322,1.273191, 0.651048
1,36003959,1.271303, 0.653160
1,36283278,1.269470, 0.655192
1,36586873,1.267426, 0.657427
1,36881493,1.265449, 0.659572
1,37182610,1.263494, 0.661670
1,37492760,1.261423, 0.663862
1,37753044,1.259821, 0.665544
1,38058765,1.257857, 0.667606
1,38388379,1.255742, 0.669817
1,38715814,1.253601, 0.672030
1,38990813,1.251856, 0.673836
1,39278062,1.250083, 0.675642
1,39588979,1.248085, 0.677675
1,39885700,1.246234, 0.679547
1,40092176,1.244999, 0.680774
2,272964,0.993549, 0.935076
2,557942,0.994767, 0.930039
2,840364,0.992510, 0.931493
2,1116809,0.990730, 0.933025
2,1423598,0.988496, 0.934516
2,1701747,0.987870, 0.934605
2,1980767,0.986788, 0.935076
2,2260487,0.986738, 0.934567
2,2539746,0.986355, 0.934218
2,2818697,0.985367, 0.934058
2,3111585,0.984119, 0.934556
2,3404882,0.982948, 0.934803
2,3690872,0.982366, 0.934674
2,3979387,0.981318, 0.934982
2,4263035,0.980648, 0.935054
2,4550299,0.979743, 0.935122
2,4853095,0.978953, 0.935193
2,5115253,0.978628, 0.934918
2,5389850,0.978510, 0.934355
2,5691798,0.977255, 0.934803
2,5981086,0.976496, 0.934789
2,6261963,0.975983, 0.934738
2,6564547,0.975007, 0.935131
2,6874254,0.974178, 0.935157
2,7161189,0.973260, 0.935422
2,7448825,0.972474, 0.935548
2,7734479,0.972175, 0.935193
2,8030257,0.971208, 0.935494
2,8321028,0.970473, 0.935546
2,8621726,0.969662, 0.935590
2,8914655,0.968706, 0.935846
2,9211248,0.968059, 0.935681
2,9498384,0.967556, 0.935470
2,9790027,0.966910, 0.935339
2,10070377,0.966411, 0.935148
2,10341754,0.966272, 0.934746
2,10622113,0.965965, 0.934826
2,10911526,0.965186, 0.934801
2,11193450,0.964522, 0.934791
2,11507125,0.963676, 0.934926
2,11794312,0.962823, 0.935177
2,12045609,0.962681, 0.934894
2,12341574,0.961978, 0.934968
2,12608202,0.961800, 0.934690
2,12905470,0.961119, 0.934771
2,13180787,0.960476, 0.934880
2,13451362,0.960125, 0.934756
2,13759785,0.959439, 0.934807
2,14051905,0.958678, 0.934983
2,14354989,0.957921, 0.935135
2,14626971,0.957357, 0.935116
2,14915416,0.956807, 0.935016
2,15231174,0.956092, 0.935110
2,15543922,0.955280, 0.935250
2,15813747,0.954619, 0.935356
2,16129161,0.953842, 0.935475
2,16403822,0.953176, 0.935584
2,16707515,0.952483, 0.935630
2,16979077,0.952119, 0.935467
2,17259959,0.951527, 0.935486
2,17546712,0.951085, 0.935421
2,17828073,0.950338, 0.935580
2,18122308,0.949903, 0.935499
2,18403921,0.949309, 0.935576
2,18671459,0.948615, 0.935702
2,18979331,0.947930, 0.935730
2,19252025,0.947299, 0.935765
2,19531184,0.946779, 0.935806
2,19794389,0.946448, 0.935689
2,20086390,0.945676, 0.935857
2,20347026,0.945210, 0.935789
2,20629885,0.944561, 0.935823
2,20898422,0.943948, 0.935904
2,21192633,0.943209, 0.936002
2,21474203,0.942775, 0.935865
2,21790569,0.942073, 0.935934
2,22069179,0.941746, 0.935791
2,22335050,0.941147, 0.935816
2,22620505,0.940460, 0.935933
2,22888594,0.940056, 0.935819
2,23169217,0.939506, 0.935848
2,23466320,0.938794, 0.935942
2,23741215,0.938343, 0.935897
2,24046703,0.937626, 0.935979
2,24350445,0.936959, 0.935999
2,24627735,0.936340, 0.936040
2,24898155,0.935735, 0.936076
2,25165223,0.935194, 0.936079
2,25470012,0.934480, 0.936170
2,25753516,0.933861, 0.936230
2,26059448,0.933126, 0.936330
2,26355770,0.932437, 0.936405
2,26663609,0.931741, 0.936508
2,26932745,0.931196, 0.936514
2,27233726,0.930447, 0.936653
2,27517700,0.929878, 0.936676
2,27819406,0.929162, 0.936783
2,28098519,0.928773, 0.936709
2,28391677,0.928071, 0.936822
2,28706861,0.927383, 0.936863
2,28994890,0.927017, 0.936821
2,29266067,0.926450, 0.936843
2,29551081,0.925849, 0.936876
2,29840025,0.925168, 0.936989
2,30153865,0.924426, 0.937097
2,30442886,0.923836, 0.937134
2,30715454,0.923320, 0.937152
2,31027763,0.922580, 0.937255
2,31307484,0.921950, 0.937330
2,31574492,0.921521, 0.937284
2,31850359,0.920955, 0.937334
2,32124554,0.920448, 0.937342
2,32415074,0.919831, 0.937380
2,32702685,0.919205, 0.937460
2,33009612,0.918533, 0.937516
2,33305992,0.917912, 0.937574
2,33619754,0.917254, 0.937625
2,33888859,0.916719, 0.937642
2,34169973,0.916106, 0.937712
2,34468860,0.915531, 0.937712
2,34732166,0.914970, 0.937760
2,34994193,0.914510, 0.937755
2,35263221,0.914150, 0.937684
2,35557938,0.913517, 0.937771
2,35855797,0.912889, 0.937793
2,36175154,0.912148, 0.937922
2,36453247,0.911532, 0.937997
2,36727451,0.910944, 0.938073
2,37038495,0.910245, 0.938149
2,37318219,0.909705, 0.938175
2,37619998,0.909040, 0.938242
2,37896106,0.908481, 0.938288
2,38160160,0.908165, 0.938194
2,38437970,0.907501, 0.938312
2,38742455,0.906854, 0.938382
2,39028246,0.906278, 0.938408
2,39317379,0.905652, 0.938474
2,39602462,0.905045, 0.938541
2,39876527,0.904480, 0.938588
2,40092176,0.904100, 0.938570
3,286666,0.809761, 0.951930
3,583094,0.808314, 0.953361
3,876968,0.807971, 0.953539
3,1179529,0.806591, 0.954649
3,1451146,0.806625, 0.954878
3,1761299,0.805200, 0.955990
3,2058089,0.804823, 0.956363
3,2347732,0.807396, 0.954723
3,2633697,0.807298, 0.954395
3,2901440,0.808184, 0.953738
3,3201016,0.807509, 0.953715
3,3504593,0.806898, 0.953685
3,3782677,0.808179, 0.953051
3,4081228,0.807339, 0.953202
3,4368847,0.806392, 0.953572
3,4643922,0.806092, 0.953527
3,4933023,0.805831, 0.953560
3,5251171,0.804761, 0.954060
3,5542753,0.803971, 0.954447
3,5828062,0.803273, 0.954662
3,6129043,0.802605, 0.954833
3,6420615,0.802099, 0.954868
3,6730187,0.801588, 0.954980
3,7001609,0.801076, 0.955057
3,7292292,0.800796, 0.954923
3,7591246,0.800788, 0.954656
3,7862081,0.800479, 0.954610
3,8139611,0.800899, 0.954210
3,8418154,0.800568, 0.954192
3,8741589,0.800097, 0.954142
3,9042866,0.799774, 0.954172
3,9305553,0.799606, 0.954120
3,9575020,0.799250, 0.954113
3,9878502,0.798971, 0.954109
3,10164509,0.798732, 0.954075
3,10434982,0.798376, 0.954049
3,10718016,0.797906, 0.954132
3,11007222,0.797346, 0.954283
3,11312605,0.796893, 0.954289
3,11619733,0.796490, 0.954273
3,11904887,0.797166, 0.953762
3,12194404,0.796944, 0.953605
3,12505072,0.796425, 0.953697
3,12785125,0.797031, 0.953225
3,13077230,0.796690, 0.953255
3,13353086,0.796914, 0.953062
3,13655442,0.796586, 0.952996
3,13946391,0.796272, 0.952921
3,14225724,0.795950, 0.952908
3,14492833,0.795498, 0.953025
3,14771160,0.795220, 0.953008
3,15048504,0.795550, 0.952757
3,15372763,0.794961, 0.952859
3,15691782,0.794463, 0.952867
3,15959729,0.794322, 0.952773
3,16235926,0.793978, 0.952738
3,16517297,0.793619, 0.952761
3,16784913,0.793203, 0.952809
3,17059569,0.792821, 0.952813
3,17346318,0.792271, 0.952942
3,17621335,0.792336, 0.952750
3,17918768,0.792189, 0.952624
3,18193332,0.791898, 0.952570
3,18510295,0.791484, 0.952571
3,18792906,0.791330, 0.952473
3,19067833,0.790997, 0.952474
3,19323896,0.791571, 0.952047
3,19581838,0.791415, 0.952025
3,19869100,0.791067, 0.952073
3,20156455,0.790665, 0.952097
3,20450311,0.790333, 0.952063
3,20711631,0.790442, 0.951921
3,20977302,0.790227, 0.951860
3,21259031,0.790021, 0.951850
3,21547097,0.789605, 0.951897
3,21841113,0.789341, 0.951887
3,22128006,0.788951, 0.951996
3,22406655,0.788525, 0.952051
3,22679111,0.788158, 0.952066
3,22958672,0.787769, 0.952088
3,23255566,0.787324, 0.952130
3,23528656,0.786879, 0.952212
3,23834889,0.786502, 0.952217
3,24134108,0.786075, 0.952255
3,24412245,0.785782, 0.952233
3,24716725,0.785337, 0.952282
3,24995253,0.785143, 0.952241
3,25300815,0.784628, 0.952334
3,25591985,0.784223, 0.952383
3,25876732,0.783834, 0.952400
3,26165991,0.783562, 0.952392
3,26444060,0.783302, 0.952361
3,26726752,0.782963, 0.952352
3,26998564,0.782732, 0.952315
3,27300003,0.782245, 0.952419
3,27582563,0.782113, 0.952347
3,27870418,0.781719, 0.952403
3,28163605,0.781498, 0.952360
3,28437841,0.781146, 0.952390
3,28717383,0.780781, 0.952405
3,28996531,0.780580, 0.952358
3,29282309,0.780162, 0.952425
3,29592101,0.779799, 0.952484
3,29861343,0.779462, 0.952501
3,30155778,0.779073, 0.952518
3,30426555,0.778765, 0.952514
3,30719690,0.778301, 0.952600
3,31009440,0.778018, 0.952550
3,31309260,0.777664, 0.952546
3,31591303,0.777426, 0.952491
3,31865679,0.777206, 0.952447
3,32115405,0.777124, 0.952370
3,32385248,0.776922, 0.952336
3,32674018,0.776584, 0.952348
3,32967191,0.776173, 0.952390
3,33249025,0.775875, 0.952372
3,33521746,0.775650, 0.952359
3,33802551,0.775310, 0.952379
3,34079227,0.774939, 0.952417
3,34328300,0.774753, 0.952400
3,34602824,0.774446, 0.952401
3,34899981,0.774094, 0.952414
3,35188926,0.773761, 0.952424
3,35452392,0.773489, 0.952433
3,35725203,0.773184, 0.952430
3,36023277,0.772836, 0.952421
3,36319089,0.772649, 0.952363
3,36627701,0.772222, 0.952408
3,36924834,0.771804, 0.952464
3,37219543,0.771395, 0.952513
3,37501670,0.771177, 0.952450
3,37827035,0.770800, 0.952477
3,38098078,0.770414, 0.952533
3,38366360,0.770168, 0.952501
3,38684891,0.769804, 0.952499
3,38998901,0.769384, 0.952534
3,39283267,0.769052, 0.952564
3,39586347,0.768645, 0.952606
3,39868050,0.768374, 0.952597
3,40092176,0.768109, 0.952601
4,298106,0.708739, 0.962661
4,596014,0.711542, 0.961452
4,858822,0.722902, 0.956504
4,1144695,0.722184, 0.956961
4,1442849,0.721866, 0.956979
4,1692569,0.721078, 0.957570
4,1990184,0.719040, 0.958658
4,2282929,0.720811, 0.958182
4,2578339,0.719605, 0.958318
4,2854143,0.721835, 0.957568
4,3143229,0.722027, 0.957406
4,3404834,0.721731, 0.957295
4,3707912,0.720951, 0.957269
4,3998561,0.720270, 0.957594
4,4291648,0.719425, 0.957713
4,4566886,0.718841, 0.957679
4,4853688,0.717917, 0.958016
4,5137966,0.717458, 0.958077
4,5476093,0.716876, 0.958177
4,5767146,0.716412, 0.958265
4,6032578,0.716761, 0.958128
4,6329857,0.716076, 0.958504
4,6633398,0.715462, 0.958674
4,6911486,0.714821, 0.958900
4,7177752,0.714781, 0.958792
4,7474488,0.714338, 0.958990
4,7765057,0.714024, 0.959014
4,8045461,0.714111, 0.958822
4,8355064,0.713904, 0.958762
4,8635481,0.713465, 0.958862
4,8917941,0.713374, 0.958779
4,9207899,0.712875, 0.958953
4,9504945,0.712866, 0.958953
4,9791395,0.712621, 0.959104
4,10095369,0.712247, 0.959234
4,10384998,0.712590, 0.959143
4,10677333,0.712168, 0.959250
4,10954280,0.712213, 0.959225
4,11233125,0.711957, 0.959284
4,11512805,0.711658, 0.959335
4,11776587,0.711901, 0.959333
4,12030993,0.712321, 0.959203
4,12273183,0.712477, 0.959129
4,12550885,0.712266, 0.959189
4,12862719,0.711811, 0.959342
4,13141764,0.711751, 0.959273
4,13408893,0.711526, 0.959276
4,13683044,0.711313, 0.959234
4,13965771,0.711262, 0.959201
4,14263500,0.711036, 0.959246
4,14555005,0.710752, 0.959264
4,14848473,0.710505, 0.959273
4,15137738,0.710154, 0.959349
4,15426389,0.709843, 0.959414
4,15723230,0.709580, 0.959437
4,16003140,0.709271, 0.959491
4,16284095,0.708876, 0.959632
4,16550321,0.708593, 0.959717
4,16842870,0.708363, 0.959772
4,17160564,0.707944, 0.959872
4,17452686,0.707734, 0.959864
4,17725143,0.708337, 0.959468
4,18005791,0.708013, 0.959546
4,18297271,0.707648, 0.959652
4,18583345,0.707490, 0.959632
4,18863894,0.707334, 0.959584
4,19176566,0.706943, 0.959695
4,19512794,0.706599, 0.959767
4,19792203,0.706443, 0.959811
4,20069119,0.706227, 0.959874
4,20356547,0.705981, 0.959876
4,20659808,0.705784, 0.959873
4,20962610,0.705533, 0.959904
4,21242058,0.705268, 0.959971
4,21547435,0.705156, 0.960005
4,21824031,0.705034, 0.959980
4,22116658,0.704857, 0.960023
4,22376103,0.704797, 0.960018
4,22651481,0.704582, 0.960044
4,22939972,0.704349, 0.960108
4,23220643,0.704152, 0.960088
4,23504938,0.703931, 0.960121
4,23785871,0.703685, 0.960164
4,24092074,0.703371, 0.960257
4,24369227,0.703148, 0.960294
4,24653920,0.702836, 0.960411
4,24946852,0.702825, 0.960387
4,25220638,0.702708, 0.960389
4,25524284,0.702447, 0.960435
4,25822535,0.702225, 0.960465
4,26131670,0.701936, 0.960530
4,26413527,0.701686, 0.960582
4,26694545,0.701669, 0.960546
4,27003478,0.701409, 0.960593
4,27294047,0.701196, 0.960598
4,27582314,0.700961, 0.960658
4,27863775,0.700740, 0.960689
4,28144654,0.700782, 0.960636
4,28429681,0.700884, 0.960564
4,28712553,0.700682, 0.960575
4,29016965,0.700565, 0.960619
4,29293688,0.700430, 0.960608
4,29556639,0.700702, 0.960452
4,29829737,0.700640, 0.960451
4,30116502,0.700451, 0.960436
4,30398440,0.700254, 0.960452
4,30725027,0.700008, 0.960490
4,31020748,0.699998, 0.960478
4,31322132,0.699747, 0.960525
4,31608532,0.699518, 0.960557
4,31888447,0.699521, 0.960510
4,32189848,0.699315, 0.960523
4,32471862,0.699340, 0.960479
4,32787265,0.699147, 0.960480
4,33073269,0.698963, 0.960479
4,33390084,0.698722, 0.960508
4,33683910,0.698518, 0.960521
4,33973577,0.698315, 0.960540
4,34251720,0.698127, 0.960564
4,34517603,0.698111, 0.960527
4,34777542,0.698182, 0.960459
4,35079982,0.697997, 0.960464
4,35348014,0.697919, 0.960429
4,35623993,0.697872, 0.960416
4,35890524,0.697719, 0.960431
4,36194797,0.697557, 0.960432
4,36492336,0.697373, 0.960442
4,36785878,0.697143, 0.960472
4,37040698,0.697009, 0.960471
4,37312705,0.696878, 0.960460
4,37567270,0.696868, 0.960402
4,37824947,0.696734, 0.960390
4,38128321,0.696535, 0.960412
4,38422481,0.696340, 0.960449
4,38697966,0.696216, 0.960449
4,38967744,0.696108, 0.960437
4,39265055,0.695902, 0.960462
4,39547970,0.695867, 0.960431
4,39852200,0.695708, 0.960389
4,40092176,0.695532, 0.960413
5,268434,0.664774, 0.966405
5,531023,0.686790, 0.955774
5,815420,0.678826, 0.961312
5,1105054,0.675672, 0.962601
5,1390181,0.672763, 0.963690
5,1689628,0.670549, 0.964211
5,1982057,0.670812, 0.964534
5,2260545,0.670933, 0.964665
5,2514109,0.670935, 0.964420
5,2822787,0.670298, 0.964811
5,3125087,0.669699, 0.964853
5,3414097,0.668839, 0.965077
5,3689143,0.668664, 0.964909
5,3982092,0.668291, 0.964883
5,4286580,0.667990, 0.964814
5,4594184,0.667546, 0.965030
5,4860654,0.667948, 0.964979
5,5158955,0.668100, 0.964836
5,5450471,0.667756, 0.964876
5,5729453,0.667882, 0.964972
5,6029391,0.667590, 0.965082
5,6318599,0.668502, 0.964744
5,6602540,0.668486, 0.964566
5,6873329,0.668471, 0.964613
5,7169085,0.668063, 0.964841
5,7454122,0.667806, 0.964841
5,7749803,0.667481, 0.964936
5,8042932,0.667178, 0.965037
5,8322682,0.667403, 0.964941
5,8600641,0.667551, 0.964947
5,8904565,0.667170, 0.965114
5,9202985,0.666990, 0.965049
5,9498485,0.667066, 0.965090
5,9825705,0.667197, 0.964958
5,10101032,0.667423, 0.964799
5,10372912,0.667848, 0.964667
5,10662364,0.667625, 0.964732
5,10932221,0.667533, 0.964731
5,11189547,0.667414, 0.964727
5,11485768,0.667254, 0.964741
5,11761205,0.667047, 0.964831
5,12033721,0.667143, 0.964841
5,12316300,0.667042, 0.964854
5,12583978,0.666961, 0.964871
5,12885574,0.666748, 0.964925
5,13191289,0.666578, 0.964949
5,13462558,0.667558, 0.964569
5,13757313,0.667329, 0.964633
5,14029484,0.667207, 0.964628
5,14301811,0.667133, 0.964575
5,14592875,0.667029, 0.964537
5,14902395,0.666821, 0.964575
5,15209113,0.666686, 0.964565
5,15505981,0.666602, 0.964620
5,15774055,0.667797, 0.964113
5,16077759,0.667521, 0.964247
5,16406687,0.667343, 0.964255
5,16686082,0.667308, 0.964235
5,16944817,0.667373, 0.964221
5,17228273,0.667295, 0.964202
5,17492814,0.667887, 0.964006
5,17785900,0.667789, 0.964009
5,18057877,0.667966, 0.963992
5,18351193,0.667751, 0.964061
5,18615387,0.667911, 0.964053
5,18900566,0.667783, 0.964061
5,19200018,0.667646, 0.964110
5,19503253,0.667592, 0.964105
5,19815022,0.667524, 0.964141
5,20082523,0.667578, 0.964144
5,20355000,0.667416, 0.964190
5,20643779,0.667409, 0.964230
5,20910757,0.667600, 0.964165
5,21199204,0.667754, 0.964137
5,21469837,0.668136, 0.964033
5,21748414,0.668022, 0.964122
5,22034022,0.667932, 0.964126
5,22312689,0.668071, 0.964104
5,22621968,0.667919, 0.964168
5,22929080,0.667716, 0.964244
5,23209817,0.667618, 0.964263
5,23487771,0.667484, 0.964283
5,23757923,0.667604, 0.964226
5,24042020,0.667611, 0.964234
5,24334063,0.667484, 0.964253
5,24598662,0.667562, 0.964218
5,24874133,0.667508, 0.964191
5,25161324,0.667428, 0.964222
5,25457305,0.667264, 0.964284
5,25743525,0.667102, 0.964333
5,26022681,0.666999, 0.964333
5,26345267,0.666867, 0.964393
5,26651111,0.666714, 0.964433
5,26912304,0.666672, 0.964462
5,27203564,0.666548, 0.964486
5,27501185,0.666437, 0.964511
5,27798071,0.666562, 0.964465
5,28130746,0.666396, 0.964505
5,28421612,0.666419, 0.964479
5,28718954,0.666273, 0.964511
5,28985156,0.666210, 0.964525
5,29283188,0.666114, 0.964547
5,29562324,0.666198, 0.964536
5,29879645,0.666057, 0.964564
5,30164686,0.666110, 0.964528
5,30437994,0.666566, 0.964327
5,30720943,0.666539, 0.964302
5,31002504,0.666579, 0.964303
5,31280240,0.666485, 0.964354
5,31571540,0.666424, 0.964356
5,31854528,0.666291, 0.964390
5,32128811,0.666240, 0.964389
5,32431783,0.666128, 0.964418
5,32723134,0.666176, 0.964396
5,33003007,0.666258, 0.964353
5,33289201,0.666161, 0.964364
5,33539850,0.666372, 0.964308
5,33826229,0.666287, 0.964315
5,34120486,0.666181, 0.964333
5,34421492,0.666082, 0.964335
5,34703953,0.666129, 0.964327
5,34983597,0.666111, 0.964324
5,35240067,0.666223, 0.964276
5,35506995,0.666135, 0.964291
5,35801224,0.666051, 0.964278
5,36094769,0.665979, 0.964329
5,36351653,0.666023, 0.964309
5,36640654,0.665924, 0.964353
5,36933702,0.665859, 0.964353
5,37208413,0.665769, 0.964360
5,37498515,0.665682, 0.964372
5,37800463,0.665628, 0.964387
5,38099423,0.665585, 0.964380
5,38391082,0.665487, 0.964387
5,38672514,0.665421, 0.964377
5,38954241,0.665414, 0.964361
5,39224740,0.665702, 0.964243
5,39546238,0.665599, 0.964286
5,39849342,0.665600, 0.964287
5,40092176,0.665498, 0.964312
1,313404,1.687503, 0.076623
1,619629,1.677961, 0.074843
1,923164,1.670196, 0.074107
1,1219363,1.664801, 0.073625
1,1505004,1.659648, 0.071697
1,1787566,1.655574, 0.070406
1,2070720,1.652153, 0.069709
1,2348593,1.648777, 0.069664
1,2640814,1.645495, 0.070016
1,2932220,1.642710, 0.070317
1,3233321,1.639918, 0.070445
1,3516241,1.637364, 0.070477
1,3799613,1.635062, 0.070635
1,4117392,1.632667, 0.071051
1,4407783,1.630746, 0.071207
1,4730209,1.628542, 0.071595
1,5007952,1.626963, 0.072018
1,5285613,1.625349, 0.072491
1,5577795,1.623880, 0.073001
1,5845027,1.622525, 0.073456
1,6114008,1.621079, 0.074408
1,6399437,1.619720, 0.075496
1,6665682,1.618491, 0.076780
1,6956908,1.617052, 0.078488
1,7254910,1.615631, 0.080663
1,7569420,1.614226, 0.083243
1,7841753,1.612999, 0.086355
1,8124269,1.611715, 0.089203
1,8427773,1.610272, 0.092798
1,8714581,1.609038, 0.096721
1,8980964,1.607845, 0.100589
1,9261812,1.606719, 0.105201
1,9544453,1.605511, 0.110532
1,9837562,1.604175, 0.115530
1,10122121,1.602857, 0.121152
1,10417100,1.601581, 0.126676
1,10705353,1.600276, 0.131488
1,10991867,1.599168, 0.136778
1,11291896,1.597806, 0.141857
1,11543058,1.596709, 0.145980
1,11831383,1.595391, 0.150876
1,12130045,1.594029, 0.155865
1,12442935,1.592576, 0.160455
1,12734860,1.591279, 0.164843
1,13038559,1.589973, 0.169106
1,13303211,1.588715, 0.172684
1,13575468,1.587430, 0.176337
1,13870600,1.585992, 0.179800
1,14144996,1.584613, 0.182756
1,14430672,1.583123, 0.185503
1,14720014,1.581624, 0.188501
1,15003699,1.580057, 0.191422
1,15271666,1.578604, 0.193754
1,15570194,1.576974, 0.196434
1,15871952,1.575192, 0.198961
1,16149882,1.573495, 0.201218
1,16432406,1.571746, 0.203660
1,16729174,1.569765, 0.206087
1,17007595,1.567925, 0.208283
1,17297638,1.565966, 0.210434
1,17597978,1.563900, 0.212796
1,17845446,1.562280, 0.214606
1,18136823,1.560160, 0.216647
1,18419739,1.558162, 0.218674
1,18716320,1.556062, 0.220645
1,19008029,1.554060, 0.222664
1,19317713,1.551757, 0.224804
1,19583517,1.549841, 0.226618
1,19852404,1.547873, 0.228370
1,20127229,1.545833, 0.230296
1,20409100,1.543803, 0.232089
1,20681551,1.541825, 0.233885
1,20964314,1.539865, 0.235719
1,21243679,1.537747, 0.237708
1,21525283,1.535655, 0.239594
1,21805693,1.533552, 0.241603
1,22085718,1.531453, 0.243621
1,22367727,1.529328, 0.245708
1,22661615,1.527043, 0.247869
1,22969619,1.524614, 0.250423
1,23244428,1.522662, 0.252328
1,23534804,1.520420, 0.254470
1,23825656,1.518210, 0.256630
1,24109655,1.516043, 0.258828
1,24393031,1.513918, 0.261137
1,24675054,1.511694, 0.263405
1,24957862,1.509516, 0.265581
1,25233609,1.507452, 0.267574
1,25534172,1.505126, 0.270107
1,25811605,1.502976, 0.272340
1,26120294,1.500577, 0.274988
1,26423482,1.498177, 0.277573
1,26685176,1.496327, 0.279405
1,26964131,1.494229, 0.281445
1,27225876,1.492410, 0.283217
1,27518326,1.490200, 0.285415
1,27813220,1.487981, 0.287651
1,28120122,1.485653, 0.289958
1,28410238,1.483474, 0.292170
1,28673020,1.481744, 0.293752
1,28957393,1.479558, 0.296072
1,29256219,1.477442, 0.298136
1,29524621,1.475571, 0.300039
1,289110,1.764387, 0.176334
1,576037,1.750867, 0.198869
1,846461,1.738805, 0.213071
1,1133347,1.729294, 0.223882
1,1436909,1.721519, 0.235145
1,1724878,1.714325, 0.245582
1,2012400,1.707482, 0.259242
1,2308054,1.701959, 0.267803
1,2582676,1.697240, 0.277498
1,2865102,1.691126, 0.290983
1,3171873,1.686782, 0.298933
1,3473962,1.682814, 0.307832
1,3724289,1.679600, 0.316308
1,4010433,1.676005, 0.324609
1,4289932,1.672255, 0.334578
1,4556195,1.669261, 0.341294
1,4836278,1.666645, 0.347096
1,5114495,1.663528, 0.355430
1,5425604,1.660759, 0.361579
1,5728135,1.657935, 0.368859
1,5983440,1.655487, 0.375288
1,6274780,1.652702, 0.382069
1,6550393,1.650443, 0.387086
1,6860440,1.648081, 0.392539
1,7136387,1.645746, 0.397648
1,7414320,1.643295, 0.403201
1,7710724,1.640883, 0.408401
1,8007642,1.638394, 0.414346
1,8285774,1.636431, 0.418345
1,8552474,1.634413, 0.422440
1,8828994,1.632784, 0.424798
1,9087431,1.630836, 0.428778
1,9382209,1.628874, 0.432368
1,9683044,1.627223, 0.434707
1,9985028,1.625632, 0.436839
1,10275920,1.624031, 0.439197
1,10581951,1.622165, 0.442155
1,10834357,1.620414, 0.445468
1,11097349,1.618643, 0.448659
1,11394376,1.617100, 0.450544
1,11688297,1.615713, 0.451880
1,11978362,1.614108, 0.454328
1,12261303,1.612581, 0.456078
1,12533984,1.610935, 0.458367
1,12825132,1.609514, 0.459801
1,13094370,1.607939, 0.461802
1,13387728,1.606062, 0.464228
1,13686432,1.604505, 0.465865
1,13977855,1.602959, 0.467515
1,14254273,1.601103, 0.469920
1,14523153,1.599610, 0.471440
1,14801200,1.597694, 0.473796
1,15068342,1.596028, 0.475619
1,15360860,1.594278, 0.477247
1,15633164,1.592603, 0.478848
1,15924898,1.590680, 0.480813
1,16215042,1.588518, 0.483243
1,16481705,1.586822, 0.484678
1,16763725,1.584990, 0.486164
1,17010154,1.583267, 0.487672
1,17287567,1.581218, 0.489395
1,17559934,1.579033, 0.491339
1,17854120,1.576752, 0.493135
1,18144324,1.574306, 0.495175
1,18449479,1.571848, 0.497038
1,18730202,1.569317, 0.499069
1,19016004,1.566590, 0.501471
1,19305458,1.563923, 0.503708
1,19604755,1.561510, 0.505185
1,19914475,1.558847, 0.506816
1,20226125,1.555818, 0.509052
1,20514408,1.553308, 0.510683
1,20799426,1.550625, 0.512543
1,21095770,1.547766, 0.514643
1,21373196,1.545129, 0.516483
1,21653509,1.542339, 0.518317
1,21937926,1.539556, 0.520119
1,22245890,1.536693, 0.521689
1,22526140,1.533797, 0.523577
1,22830732,1.530493, 0.525898
1,23153172,1.526971, 0.528396
1,23435386,1.524094, 0.530262
1,23752844,1.520809, 0.532135
1,24019933,1.517990, 0.533803
1,24311498,1.515086, 0.535395
1,24572125,1.512281, 0.537437
1,24869752,1.508955, 0.539672
1,25161837,1.505794, 0.541944
1,25456647,1.502593, 0.543961
1,25756857,1.499300, 0.546062
1,26035006,1.496445, 0.547796
1,26323473,1.493279, 0.550009
1,26640669,1.490062, 0.552007
1,26929860,1.487072, 0.553956
1,27209128,1.484134, 0.555883
1,27495477,1.481214, 0.557739
1,27798570,1.477973, 0.559905
1,28094053,1.474924, 0.561901
1,28366721,1.472093, 0.563875
1,28631830,1.469356, 0.565734
1,28894177,1.466638, 0.567838
1,29228308,1.463188, 0.570252
1,29523442,1.460152, 0.572462
1,29789621,1.457517, 0.574503
1,30118915,1.454217, 0.576830
1,30424698,1.451272, 0.578967
1,30746302,1.448054, 0.581330
1,31020450,1.445519, 0.583132
1,31308525,1.442718, 0.585185
1,31578929,1.440080, 0.587121
1,31865604,1.437325, 0.589145
1,32181415,1.434443, 0.591183
1,32460077,1.431805, 0.593235
1,32738443,1.429269, 0.595122
1,33022365,1.426678, 0.597040
1,33300477,1.424089, 0.598972
1,33595994,1.421405, 0.600950
1,33859256,1.419002, 0.602765
1,34137508,1.416484, 0.604662
1,34425651,1.414003, 0.606472
1,34714349,1.411489, 0.608355
1,34971823,1.409235, 0.610073
1,35263386,1.406734, 0.611986
1,35550624,1.404164, 0.613971
1,35832886,1.401700, 0.615819
1,36118858,1.399241, 0.617694
1,36432193,1.396657, 0.619609
1,36703746,1.394338, 0.621407
1,37003331,1.391767, 0.623403
1,37287031,1.389368, 0.625251
1,37580873,1.386944, 0.627137
1,37865909,1.384591, 0.628931
1,38137178,1.382432, 0.630608
1,38417095,1.380204, 0.632333
1,38701605,1.377957, 0.634075
1,39002155,1.375573, 0.635944
1,39263728,1.373574, 0.637482
1,39556098,1.371230, 0.639300
1,39857965,1.368870, 0.641125
1,40092176,1.367042, 0.642546
2,273578,1.057688, 0.886307
2,542473,1.055224, 0.887272
2,853916,1.059707, 0.883048
2,1151586,1.057792, 0.883849
2,1430227,1.055237, 0.886010
2,1713776,1.052227, 0.888729
2,2008287,1.052593, 0.888615
2,2295275,1.050542, 0.890028
2,2572926,1.049741, 0.890480
2,2859608,1.048123, 0.891703
2,3148011,1.046833, 0.892282
2,3444823,1.047460, 0.891736
2,3724212,1.045908, 0.892806
2,4006367,1.044383, 0.893996
2,4289501,1.043211, 0.894684
2,4565924,1.041833, 0.895714
2,4842023,1.040649, 0.896491
2,5154394,1.040455, 0.896716
2,5438003,1.039559, 0.897189
2,5714263,1.039317, 0.897175
2,5997678,1.038416, 0.897652
2,6270180,1.038219, 0.897308
2,6571332,1.037272, 0.898049
2,6840479,1.036252, 0.898582
2,7121453,1.035052, 0.899271
2,7395042,1.034138, 0.899763
2,7673420,1.033708, 0.899960
2,7962147,1.032759, 0.900597
2,8254023,1.031669, 0.901230
2,8542026,1.030818, 0.901704
2,8860778,1.029606, 0.902320
2,9127304,1.028575, 0.902867
2,9430481,1.027582, 0.903359
2,9714324,1.026706, 0.903742
2,10011415,1.025456, 0.904493
2,10304008,1.024687, 0.904943
2,10569444,1.023659, 0.905569
2,10867492,1.022503, 0.906360
2,11147337,1.021781, 0.906555
2,11416806,1.020903, 0.907006
2,11702330,1.019970, 0.907404
2,12013998,1.018925, 0.907977
2,12296663,1.018022, 0.908352
2,12582743,1.016968, 0.908888
2,12862688,1.016278, 0.909242
2,13127002,1.015310, 0.909811
2,13410795,1.014373, 0.910241
2,13684112,1.013507, 0.910639
2,13971665,1.012457, 0.911207
2,14262652,1.011517, 0.911624
2,14550098,1.010582, 0.912016
2,14831446,1.009884, 0.912350
2,15134188,1.008853, 0.912839
2,15417672,1.008264, 0.913068
2,15696549,1.007645, 0.913277
2,15966010,1.006859, 0.913618
2,16270733,1.006135, 0.913957
2,16548837,1.005366, 0.914148
2,16820205,1.004733, 0.914226
2,17114654,1.003832, 0.914581
2,17390594,1.003213, 0.914677
2,17686796,1.002398, 0.915034
2,17998947,1.001564, 0.915376
2,18302321,1.000911, 0.915559
2,18622166,1.000548, 0.915670
2,18914762,0.999851, 0.915934
2,19228088,0.999004, 0.916208
2,19545489,0.998217, 0.916527
2,19805191,0.997631, 0.916611
2,20083027,0.996875, 0.916786
2,20369286,0.996083, 0.917040
2,20646685,0.995394, 0.917202
2,20920902,0.994701, 0.917393
2,21196319,0.993996, 0.917614
2,21499162,0.993220, 0.917975
2,21777898,0.992499, 0.918149
2,22070298,0.991779, 0.918440
2,22343437,0.991045, 0.918673
2,22671247,0.990418, 0.918887
2,22933278,0.989781, 0.919077
2,23214113,0.989116, 0.919185
2,23491225,0.988498, 0.919387
2,23756747,0.987774, 0.919612
2,24025650,0.987036, 0.919844
2,24306049,0.986230, 0.920093
2,24593690,0.985428, 0.920350
2,24880180,0.984662, 0.920598
2,25184837,0.983846, 0.920823
2,25493849,0.983030, 0.921113
2,25780306,0.982246, 0.921331
2,26069451,0.981482, 0.921534
2,26375505,0.980712, 0.921739
2,26667829,0.979984, 0.921917
2,26975449,0.979182, 0.922185
2,27232407,0.978571, 0.922340
2,27520269,0.977846, 0.922516
2,27791344,0.977297, 0.922700
2,28065587,0.976641, 0.922889
2,28348537,0.975951, 0.923013
2,28646729,0.975251, 0.923216
2,28948388,0.974610, 0.923399
2,29231763,0.973890, 0.923586
2,29528837,0.973147, 0.923763
2,29819912,0.972518, 0.923975
2,30128076,0.971769, 0.924175
2,30405858,0.971115, 0.924325
2,30691522,0.970404, 0.924457
2,30990551,0.969760, 0.924662
2,31293345,0.969031, 0.924793
2,31605191,0.968350, 0.925020
2,31901535,0.967636, 0.925152
2,32161280,0.967133, 0.925158
2,32458921,0.966484, 0.925321
2,32729235,0.965835, 0.925456
2,33002866,0.965214, 0.925590
2,33292046,0.964556, 0.925716
2,33580226,0.963879, 0.925881
2,33878331,0.963359, 0.926027
2,34124223,0.962866, 0.926136
2,34407362,0.962203, 0.926258
2,34692241,0.961530, 0.926397
2,34968881,0.961106, 0.926492
2,35259352,0.960476, 0.926631
2,35580672,0.959734, 0.926850
2,35867753,0.959125, 0.926896
2,36177141,0.958372, 0.927093
2,36433009,0.958131, 0.926872
2,36712220,0.957527, 0.926962
2,36997657,0.956934, 0.927048
2,37277026,0.956337, 0.927119
2,37548471,0.955802, 0.927136
2,37843631,0.955162, 0.927279
2,38137382,0.954515, 0.927436
2,38409364,0.953889, 0.927566
2,38713893,0.953265, 0.927684
2,39010049,0.952847, 0.927752
2,39295328,0.952190, 0.927863
2,39601868,0.951522, 0.927969
2,39880904,0.950910, 0.928017
2,40092176,0.950477, 0.928026
3,275294,0.851968, 0.945516
3,555401,0.851752, 0.944519
3,824642,0.852715, 0.946011
3,1108058,0.850414, 0.947647
3,1385722,0.849885, 0.948967
3,1648681,0.849537, 0.948263
3,1933957,0.848647, 0.948423
3,2236287,0.849545, 0.949392
3,2524636,0.850255, 0.949659
3,2816565,0.849322, 0.949854
3,3114382,0.849484, 0.949992
3,3418737,0.849013, 0.950240
3,3696423,0.848067, 0.950075
3,3997367,0.849816, 0.949849
3,4291837,0.848615, 0.950112
3,4579630,0.847777, 0.950384
3,4870693,0.847185, 0.950922
3,5157314,0.846782, 0.950956
3,5463047,0.845837, 0.950912
3,5777756,0.845169, 0.950989
3,6061841,0.844504, 0.950811
3,6348576,0.844890, 0.950858
3,6617564,0.844414, 0.950549
3,6890273,0.844011, 0.950232
3,7171307,0.843625, 0.950459
3,7443113,0.843243, 0.950158
3,7722541,0.842397, 0.950307
3,7984523,0.841876, 0.950193
3,8284987,0.841127, 0.950464
3,8554475,0.840501, 0.950523
3,8837818,0.839642, 0.950768
3,9118557,0.839699, 0.950700
3,9385947,0.839171, 0.950839
3,9678604,0.838605, 0.950896
3,9958336,0.838185, 0.950949
3,10229250,0.837705, 0.950821
3,10500172,0.837116, 0.950792
3,10792458,0.836537, 0.950833
3,11086703,0.835989, 0.950762
3,11369333,0.835599, 0.950718
3,11661355,0.835009, 0.950993
3,11960324,0.834363, 0.951197
3,12212907,0.834106, 0.950942
3,12491883,0.833644, 0.951012
3,12797515,0.833065, 0.951248
3,13084082,0.832417, 0.951349
3,13386743,0.831928, 0.951471
3,13667358,0.831380, 0.951456
3,13938380,0.830928, 0.951395
3,14223633,0.830485, 0.951295
3,14518924,0.829890, 0.951424
3,14817073,0.829451, 0.951507
3,15102216,0.829084, 0.951584
3,15394328,0.828953, 0.951570
3,15668672,0.828519, 0.951503
3,15966512,0.828418, 0.951527
3,16258015,0.827920, 0.951487
3,16556649,0.827422, 0.951448
3,16821936,0.827088, 0.951271
3,17095110,0.826772, 0.951300
3,17389536,0.826387, 0.951213
3,17656090,0.825959, 0.951123
3,17937485,0.825505, 0.951062
3,18215392,0.825141, 0.950960
3,18507905,0.824679, 0.950919
3,18796998,0.824510, 0.950876
3,19068721,0.824339, 0.950764
3,19366072,0.824057, 0.950808
3,19656391,0.823536, 0.950841
3,19943324,0.823122, 0.950842
3,20222708,0.822779, 0.950720
3,20501565,0.822391, 0.950723
3,20793059,0.821912, 0.950727
3,21072265,0.821526, 0.950637
3,21340861,0.821339, 0.950598
3,21611589,0.820898, 0.950582
3,21924753,0.820342, 0.950663
3,22212970,0.819889, 0.950711
3,22493068,0.819571, 0.950739
3,22801805,0.819090, 0.950744
3,23105656,0.818583, 0.950762
3,23371706,0.818277, 0.950610
3,23666574,0.817769, 0.950602
3,23944747,0.817363, 0.950597
3,24253686,0.816814, 0.950660
3,24494148,0.816496, 0.950578
3,24774861,0.816094, 0.950560
3,25031909,0.815763, 0.950534
3,25331794,0.815257, 0.950548
3,25630012,0.814856, 0.950631
3,25948278,0.814411, 0.950681
3,26202744,0.813953, 0.950729
3,26469271,0.813632, 0.950599
3,26750019,0.813196, 0.950682
3,27020154,0.812907, 0.950517
3,27318616,0.812608, 0.950537
3,27599696,0.812212, 0.950537
3,27902054,0.811708, 0.950510
3,28214291,0.811181, 0.950575
3,28505462,0.810778, 0.950587
3,28818492,0.810371, 0.950673
3,29104610,0.809854, 0.950731
3,29418447,0.809505, 0.950822
3,29710399,0.809035, 0.950856
3,30027619,0.808683, 0.950898
3,30330228,0.808218, 0.950932
3,30616938,0.807805, 0.950948
3,30904070,0.807393, 0.950894
3,31203475,0.806950, 0.950965
3,31526984,0.806387, 0.951032
3,31807185,0.805906, 0.951048
3,32081652,0.805575, 0.950954
3,32386986,0.805119, 0.951009
3,32686431,0.804710, 0.951037
3,32986777,0.804192, 0.951100
3,33285355,0.803725, 0.951150
3,33583012,0.803195, 0.951199
3,33890004,0.802946, 0.951246
3,34168652,0.802564, 0.951211
3,34452796,0.802137, 0.951256
3,34757369,0.801613, 0.951288
3,35066492,0.801183, 0.951355
3,35376121,0.800992, 0.951380
3,35644844,0.800660, 0.951294
3,35946253,0.800180, 0.951278
3,36212114,0.799874, 0.951187
3,36513149,0.799505, 0.951213
3,36810054,0.799085, 0.951270
3,37095435,0.798677, 0.951286
3,37388952,0.798293, 0.951339
3,37654696,0.797866, 0.951351
3,37939311,0.797466, 0.951316
3,38202368,0.797108, 0.951270
3,38465771,0.796693, 0.951281
3,38777447,0.796323, 0.951303
3,39034593,0.795908, 0.951321
3,39327606,0.795524, 0.951328
3,39597265,0.795196, 0.951264
3,39882885,0.794824, 0.951269
3,40092176,0.794525, 0.951257
4,282936,0.726920, 0.954339
4,589436,0.728723, 0.957397
4,855353,0.725957, 0.957858
4,1145534,0.724312, 0.959130
4,1454021,0.724238, 0.959588
4,1738840,0.724122, 0.958570
4,2027958,0.724437, 0.958400
4,2313496,0.723881, 0.958419
4,2582972,0.724640, 0.958478
4,2865017,0.725358, 0.958872
4,3157880,0.724637, 0.958975
4,3446162,0.724918, 0.958827
4,3724300,0.724723, 0.958501
4,3994035,0.724256, 0.958401
4,4265086,0.723359, 0.958672
4,4527108,0.723561, 0.958009
4,4805481,0.722941, 0.958250
4,5082457,0.722959, 0.958278
4,5382495,0.722586, 0.958155
4,5673245,0.722523, 0.958361
4,5966366,0.722492, 0.958498
4,6238544,0.722038, 0.958399
4,6530883,0.721698, 0.958659
4,6815637,0.721205, 0.958825
4,7101699,0.721365, 0.958749
4,7396932,0.721451, 0.958863
4,7685560,0.720891, 0.959005
4,7959179,0.720523, 0.958821
4,8237462,0.720062, 0.958821
4,8491015,0.719628, 0.958922
4,8802821,0.719904, 0.959045
4,9081662,0.719447, 0.959092
4,9369630,0.719403, 0.959175
4,9656716,0.718962, 0.959120
4,9951197,0.718812, 0.959180
4,10241154,0.718529, 0.959206
4,10519449,0.718230, 0.959191
4,10826090,0.717641, 0.959420
4,11122638,0.717378, 0.959482
4,11394882,0.717020, 0.959482
4,11709622,0.716578, 0.959558
4,12011929,0.716239, 0.959685
4,12301110,0.715927, 0.959521
4,12590569,0.716292, 0.959515
4,12861043,0.715833, 0.959532
4,13152073,0.715602, 0.959537
4,13441194,0.715315, 0.959629
4,13707746,0.715098, 0.959465
4,14001942,0.714622, 0.959550
4,14280332,0.714332, 0.959455
4,14535711,0.713993, 0.959435
4,14825708,0.713596, 0.959544
4,15126329,0.713391, 0.959550
4,15439777,0.713094, 0.959623
4,15710409,0.712787, 0.959530
4,15999888,0.712451, 0.959681
4,16291997,0.712131, 0.959594
4,16598310,0.711971, 0.959690
4,16853295,0.711681, 0.959633
4,17167666,0.711329, 0.959587
4,17415014,0.710968, 0.959587
4,17690060,0.710631, 0.959563
4,17985734,0.710203, 0.959644
4,18262788,0.709859, 0.959661
4,18555396,0.709554, 0.959642
4,18835248,0.709194, 0.959667
4,19123207,0.708847, 0.959632
4,19405411,0.708499, 0.959630
4,19720956,0.708191, 0.959704
4,20000999,0.707831, 0.959728
4,20287378,0.707502, 0.959798
4,20581225,0.707389, 0.959783
4,20854726,0.707064, 0.959774
4,21122445,0.706734, 0.959760
4,21412574,0.706383, 0.959731
4,21685099,0.706368, 0.959488
4,22004760,0.706442, 0.959526
4,22296152,0.706154, 0.959490
4,22625026,0.705834, 0.959595
4,22901368,0.705628, 0.959579
4,23201628,0.705331, 0.959582
4,23523508,0.705111, 0.959657
4,23786355,0.705000, 0.959598
4,24056163,0.704677, 0.959628
4,24350685,0.704349, 0.959582
4,24659317,0.703975, 0.959658
4,24930363,0.703644, 0.959679
4,25222591,0.703276, 0.959681
4,25521692,0.703011, 0.959648
4,25785418,0.702734, 0.959648
4,26064421,0.702440, 0.959622
4,26350773,0.702193, 0.959590
4,26632871,0.701854, 0.959621
4,26918398,0.701585, 0.959625
4,27200773,0.701278, 0.959644
4,27502201,0.701086, 0.959659
4,27783149,0.700766, 0.959654
4,28072718,0.700403, 0.959678
4,28381671,0.700105, 0.959664
4,28648551,0.699830, 0.959648
4,28924008,0.699653, 0.959659
4,29218606,0.699329, 0.959647
4,29493669,0.699188, 0.959506
4,29815212,0.698852, 0.959545
4,30105798,0.698555, 0.959561
4,30377954,0.698241, 0.959579
4,30651900,0.697939, 0.959593
4,30921072,0.697691, 0.959563
4,31213218,0.697339, 0.959586
4,31485636,0.697041, 0.959573
4,31813175,0.696733, 0.959620
4,32114094,0.696513, 0.959588
4,32417859,0.696227, 0.959650
4,32677725,0.696075, 0.959563
4,32968100,0.695722, 0.959598
4,33269727,0.695505, 0.959614
4,33556242,0.695214, 0.959631
4,33839090,0.694920, 0.959607
4,34129850,0.694715, 0.959517
4,34440476,0.694389, 0.959512
4,34733557,0.694059, 0.959536
4,35009442,0.693767, 0.959539
4,35328209,0.693726, 0.959559
4,35618314,0.693645, 0.959549
4,35895018,0.693309, 0.959597
4,36173030,0.692975, 0.959630
4,36448727,0.692722, 0.959614
4,36742150,0.692438, 0.959677
4,37013993,0.692150, 0.959698
4,37320047,0.691813, 0.959736
4,37610369,0.691543, 0.959761
4,37911251,0.691238, 0.959754
4,38214292,0.690940, 0.959733
4,38507995,0.690857, 0.959735
4,38782833,0.690742, 0.959598
4,39075683,0.690489, 0.959644
4,39337821,0.690225, 0.959653
4,39610157,0.689979, 0.959655
4,39864546,0.689747, 0.959629
4,40092176,0.689522, 0.959642
5,285150,0.652144, 0.964233
5,555743,0.648334, 0.963003
5,826965,0.645751, 0.962911
5,1112569,0.644625, 0.962402
5,1402377,0.643269, 0.962810
5,1675993,0.642741, 0.962478
5,1949848,0.642544, 0.962870
5,2232221,0.642296, 0.962620
5,2509131,0.641996, 0.962501
5,2790086,0.643427, 0.962674
5,3072032,0.643915, 0.961927
5,3371545,0.643257, 0.962036
5,3686869,0.644045, 0.962375
5,3968964,0.643690, 0.962260
5,4255852,0.643710, 0.962464
5,4561409,0.643647, 0.962615
5,4843314,0.643438, 0.962377
5,5146124,0.642997, 0.962608
5,5437435,0.643243, 0.962820
5,5706389,0.643005, 0.962640
5,6008250,0.642626, 0.962727
5,6320690,0.642149, 0.962774
5,6594040,0.641887, 0.962961
5,6852355,0.641589, 0.962868
5,7138374,0.641184, 0.962928
5,7414482,0.641029, 0.962780
5,7718119,0.641153, 0.962888
5,8004167,0.640758, 0.962982
5,8286504,0.640616, 0.963074
5,8583125,0.640303, 0.963084
5,8877158,0.640634, 0.963139
5,9168639,0.640423, 0.963236
5,9445675,0.640155, 0.963258
5,9733895,0.640200, 0.963303
5,9983819,0.640640, 0.962853
5,10273076,0.640493, 0.962954
5,10568055,0.640392, 0.962879
5,10863803,0.640300, 0.962870
5,11118122,0.640146, 0.962826
5,11414935,0.639849, 0.962782
5,11738659,0.639464, 0.962912
5,12023894,0.639206, 0.962905
5,12305682,0.638991, 0.963011
5,12585054,0.638908, 0.963092
5,12863908,0.638647, 0.963064
5,13153987,0.638474, 0.962992
5,13466684,0.638212, 0.963032
5,13749275,0.637989, 0.962980
5,14017478,0.637806, 0.962928
5,14295825,0.637503, 0.962986
5,14579676,0.637262, 0.963057
5,14859134,0.637122, 0.963073
5,15123909,0.637071, 0.962931
5,15409407,0.636854, 0.962890
5,15685837,0.637136, 0.962872
5,15977276,0.637018, 0.962760
5,16269719,0.637029, 0.962767
5,16557373,0.636956, 0.962873
5,16835688,0.636796, 0.962885
5,17125034,0.636498, 0.962921
5,17430624,0.636261, 0.962888
5,17726394,0.635977, 0.962934
5,18016873,0.635835, 0.962833
5,18316542,0.635860, 0.962909
5,18595921,0.635751, 0.962982
5,18889003,0.635480, 0.963027
5,19153260,0.635244, 0.963037
5,19442488,0.635013, 0.963038
5,19734466,0.634844, 0.963102
5,20002367,0.634603, 0.963114
5,20281891,0.634374, 0.963130
5,20554484,0.634216, 0.963107
5,20844846,0.634045, 0.963166
5,21128522,0.634059, 0.963185
5,21411050,0.633825, 0.963218
5,21702502,0.633613, 0.963302
5,21965286,0.633422, 0.963292
5,22272953,0.633236, 0.963314
5,22512571,0.633248, 0.963178
5,22801948,0.633057, 0.963160
5,23112997,0.633238, 0.963203
5,23410021,0.633056, 0.963170
5,23690375,0.632885, 0.963187
5,23988769,0.632709, 0.963211
5,24253977,0.632549, 0.963220
5,24541122,0.632356, 0.963190
5,24815212,0.632177, 0.963235
5,25084289,0.632084, 0.963164
5,25370050,0.631886, 0.963138
5,25669687,0.631683, 0.963190
5,25952697,0.631496, 0.963165
5,26218952,0.631359, 0.963172
5,26518558,0.631263, 0.963193
5,26792788,0.631054, 0.963205
5,27093944,0.631064, 0.963188
5,27386616,0.630961, 0.963217
5,27659075,0.630749, 0.963230
5,27962651,0.630598, 0.963242
5,28276218,0.630534, 0.963304
5,28564266,0.630299, 0.963346
5,28853681,0.630226, 0.963378
5,29148866,0.630440, 0.963430
5,29419303,0.630297, 0.963430
5,29708390,0.630127, 0.963387
5,29982787,0.629975, 0.963328
5,30259062,0.629778, 0.963342
5,30549249,0.629828, 0.963411
5,30843947,0.629617, 0.963399
5,31160367,0.629485, 0.963423
5,31444391,0.629448, 0.963466
5,31753247,0.629285, 0.963476
5,32057041,0.629058, 0.963513
5,32354735,0.628851, 0.963570
5,32629927,0.628725, 0.963509
5,32908331,0.628554, 0.963512
5,33184739,0.628324, 0.963552
5,33463429,0.628199, 0.963564
5,33754547,0.628017, 0.963580
5,34051358,0.627800, 0.963584
5,34334444,0.627689, 0.963562
5,34636023,0.627540, 0.963552
5,34958496,0.627605, 0.963582
5,35231891,0.627434, 0.963557
5,35502087,0.627318, 0.963590
5,35802794,0.627164, 0.963618
5,36105643,0.627039, 0.963642
5,36393000,0.626869, 0.963653
5,36655329,0.626743, 0.963607
5,36957175,0.626651, 0.963638
5,37253395,0.626502, 0.963658
5,37553623,0.626279, 0.963668
5,37826549,0.626116, 0.963653
5,38125162,0.625919, 0.963651
5,38400224,0.625738, 0.963635
5,38686063,0.625557, 0.963663
5,38996022,0.625334, 0.963679
5,39288409,0.625152, 0.963689
5,39588615,0.625134, 0.963709
5,39882496,0.624934, 0.963721
5,40092176,0.624794, 0.963710
6,279187,0.599792, 0.969429
6,584261,0.600455, 0.968808
6,853371,0.600500, 0.965790
6,1117953,0.600350, 0.965530
6,1430739,0.599124, 0.966338
6,1728517,0.601547, 0.967330
6,2026458,0.600609, 0.966634
6,2304965,0.600281, 0.966752
6,2581286,0.600294, 0.967009
6,2877287,0.601129, 0.966778
6,3158730,0.600858, 0.966609
6,3449948,0.600842, 0.966976
6,3723962,0.600243, 0.966898
6,4009589,0.599927, 0.966506
6,4301347,0.600233, 0.966668
6,4573114,0.599938, 0.966359
6,4845405,0.599259, 0.966557
6,5093266,0.599179, 0.966254
6,5370825,0.598879, 0.966104
6,5678751,0.598561, 0.966271
6,5968205,0.598214, 0.966215
6,6285313,0.598446, 0.966371
6,6568706,0.598282, 0.966310
6,6835221,0.597957, 0.966261
6,7118018,0.598123, 0.966107
6,7417191,0.597849, 0.966171
6,7696996,0.597600, 0.966158
6,7986863,0.597378, 0.966155
6,8286734,0.597130, 0.966093
6,8564354,0.597022, 0.965929
6,8862575,0.596891, 0.965991
6,9150077,0.596583, 0.966043
6,9416735,0.596296, 0.966068
6,9705706,0.596144, 0.966065
6,9990739,0.596227, 0.965966
6,10280938,0.596080, 0.965950
6,10566707,0.595991, 0.965802
6,10850509,0.595802, 0.965848
6,11136577,0.595657, 0.965936
6,11434125,0.595595, 0.965753
6,11743323,0.595543, 0.965761
6,12013794,0.595564, 0.965836
6,12289067,0.595353, 0.965886
6,12589125,0.595308, 0.965996
6,12885124,0.595384, 0.966031
6,13199867,0.595630, 0.966094
6,13471588,0.595574, 0.965968
6,13746263,0.595656, 0.965942
6,14035918,0.595457, 0.965955
6,14342097,0.595517, 0.966016
6,14639710,0.595311, 0.966101
6,14903341,0.595206, 0.966032
6,15210768,0.595108, 0.966091
6,15483201,0.595006, 0.966007
6,15783648,0.594863, 0.966082
6,16057990,0.594873, 0.966120
6,16362981,0.594789, 0.966124
6,16645091,0.594706, 0.966034
6,16960478,0.594638, 0.965967
6,17263509,0.594555, 0.965891
6,17522706,0.594440, 0.965896
6,17794408,0.594301, 0.965911
6,18052242,0.594243, 0.965821
6,18343313,0.594209, 0.965839
6,18624793,0.594089, 0.965806
6,18920055,0.594177, 0.965866
6,19215404,0.594021, 0.965915
6,19505863,0.594064, 0.965930
6,19777163,0.593918, 0.965943
6,20071440,0.593740, 0.965960
6,20343924,0.593694, 0.965874
6,20638745,0.593571, 0.965834
6,20948655,0.593462, 0.965823
6,21260516,0.593746, 0.965850
6,21546222,0.593654, 0.965797
6,21856933,0.593498, 0.965786
6,22140222,0.593400, 0.965741
6,22408876,0.593277, 0.965715
6,22686833,0.593163, 0.965705
6,22968707,0.593063, 0.965735
6,23246508,0.592902, 0.965771
6,23532548,0.592801, 0.965720
6,23854023,0.592780, 0.965742
6,24130523,0.592669, 0.965708
6,24439591,0.592618, 0.965718
6,24717562,0.592521, 0.965692
6,25001273,0.592572, 0.965756
6,25288159,0.592524, 0.965768
6,25561620,0.592433, 0.965797
6,25842374,0.592386, 0.965780
6,26127196,0.592294, 0.965751
6,26420886,0.592178, 0.965738
6,26696341,0.592084, 0.965694
6,26989238,0.591964, 0.965682
6,27291379,0.592042, 0.965703
6,27582392,0.591895, 0.965723
6,27868260,0.591812, 0.965711
6,28157577,0.591679, 0.965721
6,28464073,0.591590, 0.965805
6,28759332,0.591434, 0.965812
6,29049897,0.591279, 0.965824
6,29309784,0.591193, 0.965811
6,29579008,0.591113, 0.965768
6,29869067,0.591150, 0.965763
6,30146299,0.591015, 0.965793
6,30432082,0.590938, 0.965794
6,30723502,0.590857, 0.965787
6,31019918,0.590732, 0.965777
6,31305438,0.590602, 0.965798
6,31587091,0.590524, 0.965766
6,31895627,0.590444, 0.965808
6,32152318,0.590358, 0.965777
6,32448372,0.590269, 0.965735
6,32712892,0.590193, 0.965705
6,33007741,0.590268, 0.965724
6,33298856,0.590338, 0.965722
6,33607463,0.590255, 0.965675
6,33910716,0.590295, 0.965690
6,34217738,0.590248, 0.965664
6,34473746,0.590197, 0.965620
6,34734698,0.590108, 0.965617
6,35044822,0.590013, 0.965636
6,35323134,0.589922, 0.965650
6,35644971,0.589925, 0.965670
6,35940223,0.589827, 0.965720
6,36217162,0.589720, 0.965760
6,36503836,0.589660, 0.965759
6,36776278,0.589735, 0.965786
6,37059726,0.589687, 0.965814
6,37361092,0.589610, 0.965866
6,37626038,0.589516, 0.965862
6,37925874,0.589582, 0.965896
6,38205370,0.589471, 0.965892
6,38494303,0.589403, 0.965858
6,38796143,0.589277, 0.965878
6,39074871,0.589219, 0.965834
6,39335568,0.589148, 0.965807
6,39606266,0.589048, 0.965792
6,39884303,0.589067, 0.965790
6,40092176,0.589000, 0.965803
7,301875,0.575193, 0.962143
7,585155,0.577418, 0.966214
7,879158,0.578103, 0.967056
7,1139904,0.576224, 0.967138
7,1432989,0.577038, 0.967585
7,1716533,0.577234, 0.968064
7,1994897,0.579343, 0.967973
7,2282731,0.579163, 0.968020
7,2577625,0.578861, 0.967409
7,2840093,0.578576, 0.966959
7,3111129,0.578059, 0.967356
7,3375616,0.577928, 0.966800
7,3656125,0.577582, 0.966506
7,3919708,0.577267, 0.966590
7,4208147,0.576862, 0.966593
7,4483421,0.576825, 0.966232
7,4761643,0.576543, 0.966176
7,5058098,0.576516, 0.966175
7,5352861,0.576783, 0.966232
7,5647883,0.576915, 0.966303
7,5913900,0.576552, 0.966356
7,6216509,0.577294, 0.966609
7,6506242,0.577420, 0.966831
7,6779721,0.577621, 0.966952
7,7083281,0.578266, 0.967069
7,7385606,0.578207, 0.967149
7,7671066,0.578298, 0.966881
7,7986279,0.577913, 0.967020
7,8283212,0.577777, 0.966931
7,8567154,0.577674, 0.966991
7,8847979,0.577523, 0.966871
7,9142026,0.577347, 0.966877
7,9451639,0.578843, 0.967016
7,9749630,0.578623, 0.966982
7,10046046,0.578290, 0.967041
7,10341742,0.578350, 0.967044
7,10636301,0.578254, 0.967142
7,10909409,0.578244, 0.967013
7,11172669,0.578405, 0.966812
7,11465142,0.578368, 0.966774
7,11763112,0.578134, 0.966814
7,12058756,0.578096, 0.966773
7,12340280,0.577997, 0.966641
7,12671895,0.578403, 0.966707
7,12933464,0.578314, 0.966606
7,13191937,0.578153, 0.966615
7,13502175,0.578253, 0.966696
7,13799112,0.578066, 0.966673
7,14081453,0.577988, 0.966577
7,14369194,0.577964, 0.966620
7,14668696,0.577782, 0.966621
7,14941548,0.577695, 0.966541
7,15200333,0.577616, 0.966488
7,15450253,0.577582, 0.966384
7,15766691,0.577613, 0.966438
7,16028492,0.577608, 0.966339
7,16300189,0.577699, 0.966318
7,16593127,0.577592, 0.966313
7,16874716,0.577441, 0.966326
7,17162580,0.577338, 0.966326
7,17449242,0.577260, 0.966333
7,17734868,0.577328, 0.966269
7,18016838,0.577292, 0.966265
7,18303563,0.577227, 0.966246
7,18589604,0.577302, 0.966264
7,18860631,0.577215, 0.966282
7,19140066,0.577264, 0.966296
7,19402757,0.577133, 0.966298
7,19681660,0.577017, 0.966322
7,19978449,0.577005, 0.966326
7,20256255,0.576935, 0.966290
7,20526923,0.576876, 0.966238
7,20849175,0.577348, 0.966238
7,21144196,0.577191, 0.966328
7,21418938,0.577270, 0.966319
7,21712696,0.577234, 0.966246
7,22019510,0.577474, 0.966342
7,22310698,0.577462, 0.966330
7,22618037,0.577410, 0.966326
7,22877968,0.577363, 0.966310
7,23161514,0.577535, 0.966141
7,23427959,0.577423, 0.966146
7,23704787,0.577361, 0.966099
7,23992709,0.577294, 0.966130
7,24296123,0.577233, 0.966124
7,24595155,0.577187, 0.966134
7,24922528,0.577181, 0.966151
7,25218357,0.577076, 0.966172
7,25527348,0.576968, 0.966192
7,25801416,0.576880, 0.966189
7,26090739,0.576809, 0.966181
7,26363262,0.576722, 0.966177
7,26662125,0.576686, 0.966193
7,26953531,0.576788, 0.966218
7,27242484,0.576746, 0.966181
7,27538403,0.576635, 0.966221
7,27793624,0.576572, 0.966204
7,28094566,0.576668, 0.966255
7,28391880,0.576757, 0.966271
7,28684249,0.576767, 0.966287
7,28971729,0.576732, 0.966322
7,29240160,0.576657, 0.966343
7,29557589,0.577023, 0.966370
7,29838206,0.576919, 0.966373
7,30124422,0.576857, 0.966389
7,30431656,0.576772, 0.966380
7,30691080,0.576715, 0.966360
7,30988623,0.576626, 0.966366
7,31302390,0.576539, 0.966420
7,31578437,0.576675, 0.966429
7,31887229,0.576586, 0.966451
7,32178596,0.576494, 0.966456
7,32453211,0.576418, 0.966454
7,32747773,0.576402, 0.966465
7,33015602,0.576372, 0.966475
7,33290401,0.576436, 0.966368
7,33560174,0.576386, 0.966352
7,33836128,0.576360, 0.966359
7,34111170,0.576282, 0.966354
7,34408237,0.576399, 0.966378
7,34692795,0.576363, 0.966347
7,34987125,0.576335, 0.966303
7,35264742,0.576327, 0.966297
7,35528339,0.576248, 0.966295
7,35806263,0.576166, 0.966325
7,36071746,0.576146, 0.966345
7,36375892,0.576211, 0.966380
7,36677224,0.576188, 0.966380
7,36999616,0.576112, 0.966428
7,37292656,0.576037, 0.966441
7,37586366,0.576103, 0.966469
7,37885926,0.576066, 0.966480
7,38186344,0.576032, 0.966481
7,38466897,0.576117, 0.966475
7,38723882,0.576095, 0.966446
7,39001403,0.576037, 0.966435
7,39303113,0.575960, 0.966436
7,39580947,0.575899, 0.966462
7,39851180,0.575845, 0.966446
7,40092176,0.575798, 0.966445
