1,1,6.219999,0.996440
1,2,6.197897,0.996137
1,3,6.182878,0.995697
1,4,6.171964,0.995990
1,5,6.156625,0.996343
1,6,6.140641,0.996331
1,7,6.126280,0.996230
1,8,6.113526,0.995924
1,9,6.098187,0.996317
1,10,6.080333,0.996055
1,11,6.063338,0.995817
1,12,6.043096,0.996031
1,13,6.023017,0.995394
1,14,6.003542,0.995082
1,15,5.984049,0.994571
1,16,5.964465,0.994130
1,17,5.944301,0.993889
1,18,5.925963,0.993621
1,19,5.906243,0.993242
1,20,5.887168,0.992935
1,21,5.866890,0.992081
1,22,5.847689,0.991385
1,23,5.828626,0.990617
1,24,5.810996,0.990864
1,25,5.792961,0.989133
1,26,5.774708,0.989559
1,27,5.757710,0.988265
1,28,5.738443,0.988496
1,29,5.719280,0.987346
1,30,5.700725,0.986413
1,31,5.681742,0.986329
1,32,5.662840,0.984266
1,33,5.644056,0.984748
1,34,5.626014,0.982506
1,35,5.607063,0.980870
1,36,5.586383,0.979568
1,37,5.565978,0.978490
1,38,5.544216,0.979152
1,39,5.523994,0.974298
1,40,5.502834,0.976354
1,41,5.479524,0.971317
1,42,5.457638,0.970793
1,43,5.435367,0.969581
1,44,5.412903,0.968828
1,45,5.389134,0.964951
1,46,5.364261,0.961190
1,47,5.341353,0.951960
1,48,5.318630,0.952708
1,49,5.292610,0.955303
1,50,5.268629,0.949521
1,51,5.240458,0.955027
1,52,5.213194,0.949597
1,53,5.185082,0.949368
1,54,5.159005,0.938780
1,55,5.131237,0.936196
1,56,5.103865,0.935062
1,57,5.073893,0.937048
1,58,5.046210,0.922487
1,59,5.016517,0.921435
1,60,4.987500,0.920308
1,61,4.956394,0.919692
1,62,4.924820,0.912120
1,63,4.893799,0.915178
1,64,4.860557,0.915547
1,65,4.828841,0.905644
1,66,4.796067,0.895552
1,67,4.763840,0.896234
1,68,4.731457,0.892746
1,69,4.701468,0.871793
1,70,4.671958,0.870669
1,71,4.641004,0.875321
1,72,4.611176,0.866919
1,73,4.577944,0.884810
1,74,4.545668,0.864669
1,75,4.513773,0.875484
1,76,4.482819,0.861116
1,77,4.450150,0.883493
1,78,4.419537,0.863297
2,1,2.068203,0.856339
2,2,1.981908,0.862159
2,3,1.939908,0.855893
2,4,1.916006,0.852177
2,5,1.894032,0.853896
2,6,1.869210,0.853963
2,7,1.856366,0.839837
2,8,1.847978,0.845431
2,9,1.822248,0.847731
2,10,1.805784,0.857598
2,11,1.790120,0.848422
2,12,1.776245,0.842916
2,13,1.762189,0.849320
2,14,1.746757,0.840678
2,15,1.724749,0.856920
2,16,1.715183,0.842341
2,17,1.692544,0.848011
2,18,1.669561,0.845322
2,19,1.647150,0.853046
2,20,1.631466,0.839319
2,21,1.611241,0.851941
2,22,1.599041,0.838107
2,23,1.577450,0.851498
2,24,1.561928,0.844649
2,25,1.544952,0.836897
2,26,1.526440,0.844423
2,27,1.508894,0.845447
2,28,1.494120,0.836360
2,29,1.481159,0.823480
2,30,1.465792,0.846631
2,31,1.454396,0.846133
2,32,1.439495,0.847662
2,33,1.427350,0.845368
2,34,1.412871,0.850357
2,35,1.401400,0.851720
2,36,1.389001,0.845418
2,37,1.376654,0.853504
2,38,1.365878,0.850599
2,39,1.354515,0.848652
2,40,1.343839,0.854661
2,41,1.333209,0.840675
2,42,1.324429,0.836099
2,43,1.313111,0.848168
2,44,1.302346,0.856569
2,45,1.292364,0.848905
2,46,1.283402,0.837329
2,47,1.272599,0.847808
2,48,1.263195,0.847439
2,49,1.252961,0.853225
2,50,1.243085,0.848461
2,51,1.233388,0.843676
2,52,1.225087,0.844476
2,53,1.215509,0.851389
2,54,1.205532,0.849143
2,55,1.197733,0.845775
2,56,1.190056,0.858939
2,57,1.181980,0.865010
2,58,1.173351,0.859457
2,59,1.164393,0.861466
2,60,1.155536,0.862674
2,61,1.148738,0.849139
2,62,1.139559,0.872084
2,63,1.131539,0.863699
2,64,1.124008,0.860655
2,65,1.115794,0.860138
2,66,1.107229,0.858826
2,67,1.099719,0.848970
2,68,1.091044,0.871144
2,69,1.085132,0.855164
2,70,1.078299,0.857153
2,71,1.071998,0.856969
2,72,1.065028,0.855666
2,73,1.057821,0.861320
2,74,1.050552,0.860139
2,75,1.043287,0.858461
2,76,1.036401,0.869364
2,77,1.030163,0.864809
2,78,1.024009,0.860585
3,1,0.426012,0.879121
3,2,0.436422,0.857736
3,3,0.447255,0.864914
3,4,0.438561,0.864980
3,5,0.446811,0.857947
3,6,0.447116,0.863259
3,7,0.450822,0.850598
3,8,0.458805,0.856610
3,9,0.457785,0.860143
3,10,0.460198,0.855896
3,11,0.455429,0.868034
3,12,0.453311,0.861210
3,13,0.454291,0.864235
3,14,0.450498,0.869991
3,15,0.446782,0.870234
3,16,0.442347,0.868224
3,17,0.439436,0.869439
3,18,0.438238,0.853317
3,19,0.434317,0.864735
3,20,0.432482,0.854387
3,21,0.429112,0.866908
3,22,0.427376,0.862268
3,23,0.425996,0.859959
3,24,0.424295,0.855567
3,25,0.423168,0.866971
3,26,0.418715,0.870471
3,27,0.416985,0.861537
3,28,0.414211,0.873643
3,29,0.411011,0.878803
3,30,0.410771,0.877371
3,31,0.407910,0.872622
3,32,0.406886,0.871556
3,33,0.405906,0.862127
3,34,0.403937,0.871325
3,35,0.402357,0.871489
3,36,0.400236,0.876556
3,37,0.398503,0.870996
3,38,0.397014,0.868321
3,39,0.394877,0.876951
3,40,0.392883,0.881540
3,41,0.390607,0.870933
3,42,0.387959,0.873539
3,43,0.385553,0.871029
3,44,0.383199,0.873809
3,45,0.382056,0.865137
3,46,0.379510,0.881977
3,47,0.377448,0.867167
3,48,0.375145,0.875437
3,49,0.373344,0.877303
3,50,0.371086,0.874420
3,51,0.369199,0.870565
3,52,0.367752,0.870120
3,53,0.365885,0.870630
3,54,0.364450,0.865569
3,55,0.362884,0.867408
3,56,0.361617,0.870005
3,57,0.359870,0.878786
3,58,0.358816,0.868472
3,59,0.357675,0.868008
3,60,0.355724,0.878045
3,61,0.354165,0.880575
3,62,0.352496,0.870851
3,63,0.350769,0.875956
3,64,0.350561,0.869943
3,65,0.349375,0.875493
3,66,0.348129,0.879106
3,67,0.346688,0.876805
3,68,0.345484,0.865816
3,69,0.343669,0.874446
3,70,0.342044,0.879276
3,71,0.340154,0.881805
3,72,0.338891,0.875864
3,73,0.337828,0.879980
3,74,0.336117,0.874353
3,75,0.335056,0.870697
3,76,0.333635,0.877472
3,77,0.331972,0.883806
3,78,0.330805,0.888331
4,1,0.241340,0.871245
4,2,0.241877,0.879916
4,3,0.228744,0.883109
4,4,0.221771,0.881616
4,5,0.221816,0.879827
4,6,0.219030,0.875145
4,7,0.221145,0.879198
4,8,0.217716,0.882759
4,9,0.214420,0.888101
4,10,0.212422,0.883967
4,11,0.212070,0.887236
4,12,0.209700,0.883650
4,13,0.209312,0.886086
4,14,0.210948,0.876096
4,15,0.211056,0.877894
4,16,0.210277,0.882161
4,17,0.209570,0.881405
4,18,0.208844,0.885767
4,19,0.207055,0.890393
4,20,0.206210,0.886280
4,21,0.204990,0.891545
4,22,0.204255,0.885297
4,23,0.204160,0.887065
4,24,0.203195,0.886907
4,25,0.201647,0.888795
4,26,0.201465,0.886841
4,27,0.200779,0.888161
4,28,0.200089,0.887473
4,29,0.200439,0.880723
4,30,0.199564,0.887414
4,31,0.198285,0.884245
4,32,0.198736,0.875192
4,33,0.197418,0.893550
4,34,0.196842,0.879477
4,35,0.197125,0.875194
4,36,0.196509,0.885448
4,37,0.195759,0.888692
4,38,0.195573,0.883404
4,39,0.195064,0.894076
4,40,0.195652,0.879785
4,41,0.195005,0.883128
4,42,0.195030,0.876368
4,43,0.194348,0.885456
4,44,0.193462,0.887809
4,45,0.192517,0.896427
4,46,0.191275,0.894012
4,47,0.190218,0.893188
4,48,0.189131,0.890593
4,49,0.188698,0.886814
4,50,0.188384,0.885870
4,51,0.187909,0.887295
4,52,0.187048,0.882889
4,53,0.186596,0.884657
4,54,0.185864,0.891796
4,55,0.185260,0.880365
4,56,0.184388,0.894040
4,57,0.183551,0.891605
4,58,0.183281,0.887122
4,59,0.182641,0.890737
4,60,0.182294,0.888669
4,61,0.181655,0.893731
4,62,0.180730,0.891700
4,63,0.180411,0.887667
4,64,0.180230,0.884866
4,65,0.179643,0.891554
4,66,0.179203,0.884601
4,67,0.178551,0.883755
4,68,0.177966,0.881817
4,69,0.177561,0.880193
4,70,0.177030,0.896114
4,71,0.176465,0.886355
4,72,0.175938,0.892619
4,73,0.175653,0.885191
4,74,0.175185,0.884247
4,75,0.174917,0.885996
4,76,0.174598,0.888668
4,77,0.174162,0.888483
4,78,0.173861,0.894909
5,1,0.139201,0.899209
5,2,0.134895,0.885821
5,3,0.131088,0.887299
5,4,0.124913,0.890910
5,5,0.125323,0.893644
5,6,0.125235,0.898342
5,7,0.123802,0.893223
5,8,0.122931,0.888460
5,9,0.122520,0.885086
5,10,0.123388,0.887726
5,11,0.124094,0.882416
5,12,0.123226,0.890425
5,13,0.123253,0.889127
5,14,0.124660,0.885830
5,15,0.126012,0.889460
5,16,0.127433,0.889427
5,17,0.128079,0.888123
5,18,0.126817,0.898864
5,19,0.126831,0.891222
5,20,0.127784,0.887681
5,21,0.127398,0.901573
5,22,0.128296,0.884161
5,23,0.127406,0.893018
5,24,0.126802,0.887033
5,25,0.127345,0.892274
5,26,0.127703,0.886589
5,27,0.126987,0.892051
5,28,0.126924,0.891472
5,29,0.127140,0.889752
5,30,0.126203,0.900228
5,31,0.125635,0.892276
5,32,0.125602,0.888851
5,33,0.125559,0.892699
5,34,0.125414,0.888067
5,35,0.125617,0.887241
5,36,0.124857,0.899668
5,37,0.124712,0.889092
5,38,0.124419,0.890808
5,39,0.124638,0.884612
5,40,0.124537,0.894273
5,41,0.124102,0.897563
5,42,0.123737,0.899915
5,43,0.124366,0.886365
5,44,0.124209,0.891232
5,45,0.123824,0.895003
5,46,0.123633,0.900741
5,47,0.123589,0.895545
5,48,0.123389,0.894915
5,49,0.123621,0.888939
5,50,0.123519,0.893005
5,51,0.123781,0.891509
5,52,0.123074,0.902253
5,53,0.122737,0.898054
5,54,0.122400,0.897035
5,55,0.122053,0.892470
5,56,0.122090,0.896227
5,57,0.122158,0.891704
5,58,0.121664,0.890983
5,59,0.121650,0.890729
5,60,0.121275,0.893392
5,61,0.121117,0.894681
5,62,0.120656,0.900383
5,63,0.120238,0.899076
5,64,0.119623,0.898127
5,65,0.119769,0.879698
5,66,0.119511,0.891987
5,67,0.119040,0.900365
5,68,0.118595,0.897342
5,69,0.118626,0.891812
5,70,0.118931,0.893053
5,71,0.118422,0.903882
5,72,0.118270,0.889738
5,73,0.118360,0.892171
5,74,0.118016,0.908047
5,75,0.117637,0.900087
5,76,0.117644,0.893221
5,77,0.117285,0.902951
5,78,0.117018,0.900571
6,1,0.090280,0.906613
6,2,0.096097,0.900147
6,3,0.097595,0.897226
6,4,0.097012,0.896165
6,5,0.095176,0.907682
6,6,0.092213,0.900820
6,7,0.095885,0.893461
6,8,0.096782,0.896435
6,9,0.099512,0.890281
6,10,0.098640,0.898938
6,11,0.098685,0.897125
6,12,0.097664,0.901290
6,13,0.097582,0.889824
6,14,0.097770,0.894456
6,15,0.097513,0.901497
6,16,0.099213,0.889666
6,17,0.099251,0.902046
6,18,0.098114,0.904846
6,19,0.097437,0.898479
6,20,0.096838,0.898613
6,21,0.096688,0.901392
6,22,0.096453,0.898857
6,23,0.096188,0.898258
6,24,0.095896,0.901129
6,25,0.095037,0.902887
6,26,0.094634,0.904785
6,27,0.095063,0.895661
6,28,0.094556,0.905122
6,29,0.095174,0.893014
6,30,0.094881,0.900587
6,31,0.095481,0.893151
6,32,0.095421,0.896760
6,33,0.094879,0.905288
6,34,0.094677,0.890900
6,35,0.094109,0.900944
6,36,0.094358,0.899251
6,37,0.094224,0.897268
6,38,0.093908,0.899707
6,39,0.094223,0.894076
6,40,0.093763,0.905719
6,41,0.093476,0.903863
6,42,0.093409,0.896625
6,43,0.093086,0.903724
6,44,0.092642,0.898415
6,45,0.092440,0.900576
6,46,0.091889,0.904785
6,47,0.091786,0.892669
6,48,0.091570,0.897409
6,49,0.091443,0.898630
6,50,0.091118,0.907302
6,51,0.090808,0.903747
6,52,0.090613,0.905725
6,53,0.090486,0.899553
6,54,0.090369,0.901104
6,55,0.090380,0.902064
6,56,0.090473,0.898457
6,57,0.090404,0.899785
6,58,0.090169,0.910097
6,59,0.090062,0.895786
6,60,0.090285,0.892920
6,61,0.090131,0.908288
6,62,0.089989,0.897804
6,63,0.089742,0.898893
6,64,0.089599,0.894851
6,65,0.089766,0.895256
6,66,0.089427,0.907487
6,67,0.089296,0.893268
6,68,0.089031,0.910327
6,69,0.089079,0.900419
6,70,0.088764,0.904540
6,71,0.088629,0.904230
6,72,0.088425,0.904213
6,73,0.088292,0.905872
6,74,0.088373,0.903644
6,75,0.088410,0.900425
6,76,0.088278,0.909406
6,77,0.088386,0.898049
6,78,0.088396,0.895223
7,1,0.073156,0.903846
7,2,0.083443,0.903357
7,3,0.082000,0.903458
7,4,0.080532,0.905991
7,5,0.079637,0.903857
7,6,0.076473,0.908859
7,7,0.077078,0.904720
7,8,0.076805,0.908678
7,9,0.076853,0.900344
7,10,0.077510,0.899269
7,11,0.079140,0.899829
7,12,0.079991,0.906038
7,13,0.079937,0.898635
7,14,0.078569,0.906861
7,15,0.077980,0.902326
7,16,0.077558,0.900329
7,17,0.077642,0.899823
7,18,0.078154,0.897163
7,19,0.077981,0.904980
7,20,0.077959,0.895545
7,21,0.077583,0.909768
7,22,0.076774,0.910296
7,23,0.076646,0.900829
7,24,0.077796,0.892694
7,25,0.077057,0.903456
7,26,0.077140,0.904424
7,27,0.076465,0.906364
7,28,0.076230,0.900620
7,29,0.076717,0.901008
7,30,0.076709,0.898873
7,31,0.076881,0.896820
7,32,0.077240,0.899197
7,33,0.077078,0.898750
7,34,0.077052,0.900808
7,35,0.076766,0.906607
7,36,0.076560,0.895418
7,37,0.076286,0.903731
7,38,0.076249,0.900498
7,39,0.076465,0.900867
7,40,0.076590,0.901890
7,41,0.076308,0.904045
7,42,0.076438,0.899675
7,43,0.076522,0.901568
7,44,0.076545,0.901328
7,45,0.076406,0.902938
7,46,0.076426,0.899647
7,47,0.076276,0.901595
7,48,0.076453,0.894945
7,49,0.076610,0.900796
7,50,0.076475,0.901578
7,51,0.076345,0.901810
7,52,0.076218,0.902502
7,53,0.075878,0.910967
7,54,0.075893,0.906010
7,55,0.075672,0.904003
7,56,0.075609,0.897695
7,57,0.075407,0.904455
7,58,0.075390,0.903457
7,59,0.075341,0.902064
7,60,0.075331,0.902255
7,61,0.075046,0.905430
7,62,0.075092,0.898925
7,63,0.074942,0.902656
7,64,0.075034,0.894839
7,65,0.074962,0.897628
7,66,0.074817,0.898925
7,67,0.074544,0.909760
7,68,0.074431,0.906645
7,69,0.074318,0.910131
7,70,0.074192,0.901084
7,71,0.074113,0.903729
7,72,0.073937,0.903371
7,73,0.073976,0.905697
7,74,0.073843,0.904428
7,75,0.073700,0.900513
7,76,0.073651,0.901923
7,77,0.073548,0.903000
7,78,0.073546,0.903989
8,1,0.065700,0.901192
8,2,0.083174,0.900847
8,3,0.077050,0.904407
8,4,0.075447,0.898730
8,5,0.075737,0.902723
8,6,0.071173,0.909720
8,7,0.069453,0.909989
8,8,0.069564,0.900538
8,9,0.068895,0.908825
8,10,0.067478,0.909969
8,11,0.068497,0.902023
8,12,0.068084,0.904175
8,13,0.066766,0.912138
8,14,0.065534,0.901891
8,15,0.065399,0.902765
8,16,0.065158,0.899981
8,17,0.065230,0.896762
8,18,0.064904,0.903584
8,19,0.065313,0.900433
8,20,0.065190,0.901062
8,21,0.064669,0.909414
8,22,0.064365,0.904314
8,23,0.064711,0.896792
8,24,0.064652,0.906874
8,25,0.064709,0.902240
8,26,0.064383,0.908590
8,27,0.064222,0.907650
8,28,0.064333,0.903693
8,29,0.063829,0.910344
8,30,0.063881,0.905242
8,31,0.063747,0.908999
8,32,0.063775,0.903786
8,33,0.063856,0.899006
8,34,0.063782,0.904722
8,35,0.063732,0.913074
8,36,0.063386,0.912997
8,37,0.063150,0.908604
8,38,0.063292,0.899866
8,39,0.062974,0.911744
8,40,0.062806,0.907885
8,41,0.062856,0.904320
8,42,0.062743,0.904593
8,43,0.062656,0.907520
8,44,0.062680,0.907005
8,45,0.062552,0.909375
8,46,0.062689,0.900792
8,47,0.062620,0.896032
8,48,0.062487,0.905798
8,49,0.062382,0.906173
8,50,0.062337,0.897133
8,51,0.062159,0.906816
8,52,0.062103,0.907694
8,53,0.062090,0.905662
8,54,0.061866,0.906293
8,55,0.061712,0.912067
8,56,0.061515,0.913036
8,57,0.061348,0.910432
8,58,0.061238,0.907901
8,59,0.061065,0.916507
8,60,0.061031,0.910499
8,61,0.060911,0.907110
8,62,0.061392,0.900391
8,63,0.061289,0.901196
8,64,0.061326,0.900665
8,65,0.061237,0.905603
8,66,0.061115,0.907824
8,67,0.061152,0.901939
8,68,0.060932,0.909667
8,69,0.060770,0.908421
8,70,0.060631,0.907241
8,71,0.060649,0.902699
8,72,0.060512,0.909344
8,73,0.060441,0.909131
8,74,0.060439,0.910059
8,75,0.060484,0.907682
8,76,0.060351,0.902376
8,77,0.060206,0.911456
8,78,0.060076,0.911553
9,1,0.046971,0.913391
9,2,0.047301,0.912126
9,3,0.053579,0.914048
9,4,0.053260,0.910606
9,5,0.053155,0.909895
9,6,0.054016,0.908854
9,7,0.053150,0.911461
9,8,0.052861,0.912742
9,9,0.052930,0.907976
9,10,0.052616,0.903465
9,11,0.052422,0.908801
9,12,0.051557,0.912411
9,13,0.051841,0.907942
9,14,0.050971,0.912892
9,15,0.051651,0.901124
9,16,0.051417,0.908670
9,17,0.050945,0.907549
9,18,0.050914,0.906661
9,19,0.051821,0.888678
9,20,0.051884,0.912581
9,21,0.051940,0.903010
9,22,0.051818,0.910054
9,23,0.052356,0.907959
9,24,0.052622,0.906491
9,25,0.052803,0.908992
9,26,0.052583,0.906840
9,27,0.052508,0.909001
9,28,0.052275,0.909912
9,29,0.052365,0.908293
9,30,0.052217,0.913253
9,31,0.052021,0.916035
9,32,0.051804,0.910200
9,33,0.051549,0.914212
9,34,0.051530,0.906453
9,35,0.051412,0.907523
9,36,0.051320,0.906690
9,37,0.051438,0.903474
9,38,0.051821,0.902517
9,39,0.051791,0.907322
9,40,0.051746,0.911099
9,41,0.051748,0.907187
9,42,0.051661,0.912639
9,43,0.051740,0.903904
9,44,0.051786,0.911056
9,45,0.051556,0.909292
9,46,0.051935,0.906288
9,47,0.051786,0.910342
9,48,0.051579,0.911310
9,49,0.051533,0.905830
9,50,0.051399,0.911701
9,51,0.051341,0.906738
9,52,0.051578,0.903623
9,53,0.051563,0.908274
9,54,0.051502,0.904834
9,55,0.051475,0.906625
9,56,0.051594,0.899382
9,57,0.051824,0.902445
9,58,0.051815,0.908968
9,59,0.051820,0.907439
9,60,0.051698,0.905109
9,61,0.051821,0.905157
9,62,0.051808,0.904888
9,63,0.051795,0.902292
9,64,0.051773,0.911314
9,65,0.051704,0.906919
9,66,0.051700,0.909839
9,67,0.051794,0.910457
9,68,0.051795,0.908129
9,69,0.051818,0.905258
9,70,0.051882,0.905808
9,71,0.051893,0.910051
9,72,0.051895,0.913674
9,73,0.051897,0.909762
9,74,0.051911,0.908639
9,75,0.051745,0.913700
9,76,0.051729,0.911161
9,77,0.051612,0.912266
9,78,0.051518,0.916890
10,1,0.039538,0.918167
10,2,0.051741,0.908430
10,3,0.047583,0.910831
10,4,0.049650,0.901288
10,5,0.051485,0.913912
10,6,0.053688,0.906186
10,7,0.053363,0.906335
10,8,0.052078,0.907717
10,9,0.050890,0.915849
10,10,0.049749,0.911785
10,11,0.049083,0.908656
10,12,0.048479,0.913918
10,13,0.048736,0.908246
10,14,0.048173,0.909035
10,15,0.048693,0.906730
10,16,0.048659,0.910529
10,17,0.048766,0.912243
10,18,0.048592,0.908119
10,19,0.048795,0.908595
10,20,0.048645,0.910794
10,21,0.048769,0.909600
10,22,0.048681,0.905839
10,23,0.048423,0.916161
10,24,0.048027,0.911255
10,25,0.048093,0.913561
10,26,0.048053,0.903726
10,27,0.047596,0.918114
10,28,0.047362,0.918232
10,29,0.047161,0.915899
10,30,0.047598,0.906959
10,31,0.047614,0.911230
10,32,0.047473,0.909174
10,33,0.047349,0.915198
10,34,0.047581,0.906967
10,35,0.047533,0.909116
10,36,0.047451,0.912685
10,37,0.047359,0.907967
10,38,0.047235,0.907967
10,39,0.047218,0.910048
10,40,0.047714,0.905555
10,41,0.047504,0.915179
10,42,0.047583,0.904683
10,43,0.047513,0.914051
10,44,0.047518,0.915156
10,45,0.047416,0.913112
10,46,0.047271,0.906025
10,47,0.047088,0.917875
10,48,0.046917,0.912344
10,49,0.046839,0.913513
10,50,0.046777,0.908358
10,51,0.046722,0.909331
10,52,0.046773,0.911217
10,53,0.046690,0.909159
10,54,0.046775,0.907766
10,55,0.046957,0.903078
10,56,0.046836,0.910862
10,57,0.046739,0.904778
10,58,0.046648,0.908649
10,59,0.046624,0.911199
10,60,0.046576,0.904133
10,61,0.046488,0.913954
10,62,0.046511,0.911676
10,63,0.046480,0.906250
10,64,0.046474,0.906502
10,65,0.046354,0.912212
10,66,0.046240,0.908129
10,67,0.046245,0.904804
10,68,0.046229,0.905784
10,69,0.046131,0.912432
10,70,0.046019,0.911458
10,71,0.045935,0.909938
10,72,0.045855,0.911067
10,73,0.045745,0.910123
10,74,0.045809,0.910381
10,75,0.045846,0.912525
10,76,0.045862,0.906307
10,77,0.045789,0.915263
10,78,0.045694,0.917386
11,1,0.037463,0.910920
11,2,0.037249,0.915067
11,3,0.040020,0.906555
11,4,0.040790,0.912448
11,5,0.041927,0.915553
11,6,0.040703,0.916540
11,7,0.040541,0.912801
11,8,0.040530,0.911202
11,9,0.041235,0.908828
11,10,0.040676,0.916427
11,11,0.040623,0.916514
11,12,0.042340,0.909537
11,13,0.041628,0.916258
11,14,0.042117,0.906095
11,15,0.041754,0.917171
11,16,0.041520,0.909589
11,17,0.041193,0.914785
11,18,0.041703,0.909608
11,19,0.041546,0.917252
11,20,0.041500,0.918989
11,21,0.041243,0.912564
11,22,0.041497,0.910131
11,23,0.041061,0.918160
11,24,0.040674,0.918197
11,25,0.041218,0.906129
11,26,0.040956,0.915830
11,27,0.040878,0.913300
11,28,0.040567,0.911042
11,29,0.040287,0.916524
11,30,0.040331,0.907860
11,31,0.040367,0.909762
11,32,0.040158,0.917448
11,33,0.040068,0.912302
11,34,0.040202,0.908831
11,35,0.040125,0.913579
11,36,0.040156,0.915039
11,37,0.040422,0.909845
11,38,0.040254,0.916616
11,39,0.040044,0.915090
11,40,0.040044,0.911534
11,41,0.039943,0.911616
11,42,0.039941,0.918061
11,43,0.039917,0.913582
11,44,0.039809,0.918106
11,45,0.039765,0.914971
11,46,0.039708,0.910808
11,47,0.039787,0.909634
11,48,0.039657,0.913664
11,49,0.039530,0.909550
11,50,0.039677,0.905759
11,51,0.039600,0.912930
11,52,0.039640,0.915830
11,53,0.039562,0.908564
11,54,0.039510,0.907481
11,55,0.039377,0.918565
11,56,0.039246,0.917005
11,57,0.039256,0.910781
11,58,0.039415,0.914908
11,59,0.039408,0.914861
11,60,0.039288,0.914403
11,61,0.039274,0.911531
11,62,0.039255,0.907864
11,63,0.039296,0.901755
11,64,0.039335,0.908063
11,65,0.039312,0.909411
11,66,0.039343,0.910213
11,67,0.039432,0.902294
11,68,0.039581,0.908077
11,69,0.039551,0.909712
11,70,0.039679,0.908452
11,71,0.039720,0.912076
11,72,0.039809,0.913373
11,73,0.039796,0.909387
11,74,0.039792,0.915317
11,75,0.039862,0.916429
11,76,0.039877,0.911344
11,77,0.039897,0.911925
11,78,0.039881,0.915966
12,1,0.034109,0.911407
12,2,0.036649,0.904894
12,3,0.036866,0.910379
12,4,0.037712,0.910437
12,5,0.037739,0.910869
12,6,0.037546,0.910513
12,7,0.037450,0.910240
12,8,0.037767,0.916416
12,9,0.038028,0.910571
12,10,0.038590,0.916420
12,11,0.038285,0.910381
12,12,0.038344,0.915130
12,13,0.038018,0.912785
12,14,0.037943,0.905695
12,15,0.038446,0.909709
12,16,0.038267,0.909230
12,17,0.039280,0.912734
12,18,0.038840,0.916545
12,19,0.038715,0.909880
12,20,0.038811,0.907381
12,21,0.038582,0.912926
12,22,0.038772,0.909456
12,23,0.038463,0.913597
12,24,0.038117,0.916010
12,25,0.038150,0.914005
12,26,0.038086,0.910854
12,27,0.037896,0.911969
12,28,0.038002,0.910069
12,29,0.037860,0.913347
12,30,0.037667,0.918192
12,31,0.037686,0.912767
12,32,0.037499,0.916759
12,33,0.037327,0.915500
12,34,0.037160,0.917344
12,35,0.037074,0.914339
12,36,0.036969,0.911704
12,37,0.036825,0.915280
12,38,0.036760,0.912221
12,39,0.036813,0.908165
12,40,0.036812,0.910977
12,41,0.036643,0.914362
12,42,0.036702,0.914749
12,43,0.036613,0.914554
12,44,0.036580,0.913856
12,45,0.036589,0.913057
12,46,0.036501,0.915491
12,47,0.036334,0.915640
12,48,0.036481,0.915971
12,49,0.036505,0.913582
12,50,0.037169,0.913111
12,51,0.037081,0.917090
12,52,0.036938,0.915055
12,53,0.036945,0.914845
12,54,0.036890,0.916949
12,55,0.036902,0.915771
12,56,0.036943,0.916397
12,57,0.036945,0.906406
12,58,0.036800,0.919706
12,59,0.036801,0.912699
12,60,0.036730,0.920042
12,61,0.036631,0.916089
12,62,0.036618,0.914082
12,63,0.036547,0.915829
12,64,0.036468,0.910862
12,65,0.036373,0.912001
12,66,0.036347,0.911123
12,67,0.036328,0.910040
12,68,0.036304,0.914862
12,69,0.036233,0.911892
12,70,0.036279,0.913856
12,71,0.036311,0.907734
12,72,0.036254,0.918716
12,73,0.036201,0.909895
12,74,0.036166,0.916761
12,75,0.036150,0.908459
12,76,0.036151,0.911469
12,77,0.036095,0.908440
12,78,0.036039,0.923995
13,1,0.030890,0.910979
13,2,0.029960,0.915041
13,3,0.030483,0.914245
13,4,0.032021,0.913799
13,5,0.032307,0.908927
13,6,0.031783,0.914438
13,7,0.031669,0.918303
13,8,0.031318,0.916307
13,9,0.031519,0.909236
13,10,0.030944,0.922322
13,11,0.031223,0.912677
13,12,0.031333,0.918364
13,13,0.031174,0.918503
13,14,0.031059,0.911766
13,15,0.031400,0.908496
13,16,0.031335,0.915838
13,17,0.031341,0.910333
13,18,0.032818,0.908372
13,19,0.032954,0.913002
13,20,0.032630,0.927166
13,21,0.032774,0.911994
13,22,0.032720,0.919520
13,23,0.032366,0.925551
13,24,0.032398,0.913991
13,25,0.032251,0.915970
13,26,0.032052,0.917856
13,27,0.032316,0.915665
13,28,0.032356,0.913010
13,29,0.032502,0.912314
13,30,0.032514,0.909984
13,31,0.032610,0.912316
13,32,0.032664,0.916126
13,33,0.032589,0.920372
13,34,0.032709,0.909846
13,35,0.032932,0.916660
13,36,0.032865,0.915160
13,37,0.032937,0.912516
13,38,0.033104,0.913159
13,39,0.033119,0.918018
13,40,0.033080,0.916559
13,41,0.033036,0.915727
13,42,0.033091,0.912464
13,43,0.033028,0.919925
13,44,0.032945,0.915941
13,45,0.032821,0.915407
13,46,0.032815,0.907664
13,47,0.032870,0.913783
13,48,0.032706,0.919447
13,49,0.032676,0.919105
13,50,0.032673,0.913398
13,51,0.032674,0.915135
13,52,0.032679,0.915815
13,53,0.032602,0.915060
13,54,0.032596,0.914775
13,55,0.032599,0.909447
13,56,0.032509,0.913525
13,57,0.032565,0.907492
13,58,0.032635,0.915235
13,59,0.032730,0.914148
13,60,0.032874,0.912897
13,61,0.032871,0.915222
13,62,0.032835,0.912566
13,63,0.032803,0.913371
13,64,0.032798,0.910408
13,65,0.032708,0.916952
13,66,0.032634,0.917241
13,67,0.032606,0.909798
13,68,0.032545,0.919054
13,69,0.032539,0.918673
13,70,0.032553,0.911228
13,71,0.032614,0.917258
13,72,0.032536,0.921612
13,73,0.032473,0.913593
13,74,0.032450,0.919002
13,75,0.032425,0.914187
13,76,0.032699,0.911359
13,77,0.032749,0.916213
13,78,0.032784,0.916920
14,1,0.057875,0.918581
14,2,0.041394,0.920278
14,3,0.037790,0.915759
14,4,0.037842,0.910651
14,5,0.036149,0.913493
14,6,0.036125,0.915537
14,7,0.035050,0.914915
14,8,0.034155,0.914451
14,9,0.034125,0.918309
14,10,0.033767,0.917447
14,11,0.033503,0.914331
14,12,0.032717,0.920593
14,13,0.032380,0.914002
14,14,0.032527,0.913888
14,15,0.032087,0.920525
14,16,0.032197,0.918959
14,17,0.032237,0.912498
14,18,0.031984,0.914709
14,19,0.032053,0.915174
14,20,0.031960,0.910821
14,21,0.031895,0.913039
14,22,0.032117,0.912201
14,23,0.031900,0.915979
14,24,0.031894,0.917171
14,25,0.031827,0.914824
14,26,0.031610,0.922731
14,27,0.031561,0.916461
14,28,0.031519,0.920130
14,29,0.031541,0.915338
14,30,0.031487,0.919361
14,31,0.031428,0.919649
14,32,0.032465,0.912133
14,33,0.032473,0.916068
14,34,0.032477,0.917728
14,35,0.032182,0.919197
14,36,0.032029,0.917699
14,37,0.031922,0.917710
14,38,0.031927,0.912926
14,39,0.032024,0.911569
14,40,0.031919,0.913498
14,41,0.031944,0.914608
14,42,0.031881,0.917249
14,43,0.031779,0.917120
14,44,0.031861,0.911272
14,45,0.031859,0.914687
14,46,0.031819,0.913994
14,47,0.031727,0.919317
14,48,0.031646,0.911418
14,49,0.031637,0.921236
14,50,0.031578,0.917473
14,51,0.031628,0.914113
14,52,0.031650,0.912796
14,53,0.031730,0.917423
14,54,0.031737,0.913026
14,55,0.031635,0.916901
14,56,0.031542,0.918343
14,57,0.031477,0.910046
14,58,0.031494,0.914238
14,59,0.031468,0.918215
14,60,0.031454,0.915713
14,61,0.031387,0.915249
14,62,0.031384,0.913916
14,63,0.031404,0.918036
14,64,0.031324,0.911538
14,65,0.031265,0.914805
14,66,0.031150,0.922183
14,67,0.031144,0.915787
14,68,0.031073,0.917134
14,69,0.031008,0.915404
14,70,0.030995,0.923240
14,71,0.030995,0.916527
14,72,0.031002,0.909009
14,73,0.031052,0.918282
14,74,0.030966,0.916273
14,75,0.030897,0.921504
14,76,0.030912,0.915747
14,77,0.030979,0.912238
14,78,0.030930,0.912642
15,1,0.025586,0.914767
15,2,0.026935,0.916825
15,3,0.029624,0.912946
15,4,0.028827,0.918392
15,5,0.027993,0.920114
15,6,0.028378,0.917438
15,7,0.027894,0.918718
15,8,0.027872,0.915632
15,9,0.027899,0.916097
15,10,0.028332,0.914465
15,11,0.028253,0.913159
15,12,0.028680,0.914319
15,13,0.028646,0.913809
15,14,0.028605,0.912426
15,15,0.028916,0.911552
15,16,0.028849,0.913348
15,17,0.028713,0.916584
15,18,0.028567,0.917589
15,19,0.028528,0.917896
15,20,0.028534,0.914550
15,21,0.028392,0.922101
15,22,0.028699,0.913162
15,23,0.029846,0.914436
15,24,0.029877,0.912736
15,25,0.029681,0.918899
15,26,0.029637,0.917773
15,27,0.029485,0.915785
15,28,0.029433,0.917949
15,29,0.029983,0.909959
15,30,0.029966,0.910724
15,31,0.029903,0.917813
15,32,0.029779,0.917720
15,33,0.029773,0.910338
15,34,0.029849,0.917810
15,35,0.029762,0.911846
15,36,0.029695,0.915486
15,37,0.029520,0.917664
15,38,0.029683,0.912631
15,39,0.029627,0.916470
15,40,0.029507,0.920048
15,41,0.029606,0.914635
15,42,0.029642,0.916990
15,43,0.029639,0.917515
15,44,0.029969,0.913478
15,45,0.029934,0.916268
15,46,0.029909,0.915107
15,47,0.029846,0.920058
15,48,0.029766,0.915238
15,49,0.029732,0.916662
15,50,0.029667,0.921275
15,51,0.029756,0.912388
15,52,0.029656,0.917217
15,53,0.029575,0.915441
15,54,0.029522,0.918324
15,55,0.029512,0.919115
15,56,0.029520,0.915682
15,57,0.029514,0.912103
15,58,0.029475,0.914048
15,59,0.029422,0.917365
15,60,0.029418,0.916475
15,61,0.029360,0.916877
15,62,0.029311,0.912152
15,63,0.029261,0.920976
15,64,0.029283,0.911434
15,65,0.029263,0.916116
15,66,0.029198,0.919798
15,67,0.029199,0.916158
15,68,0.029229,0.910361
15,69,0.029167,0.920235
15,70,0.029136,0.917035
15,71,0.029146,0.916282
15,72,0.029170,0.912757
15,73,0.029226,0.913510
15,74,0.029222,0.918710
15,75,0.029476,0.916506
15,76,0.029499,0.917037
15,77,0.029475,0.913158
15,78,0.029542,0.914736
16,1,0.024326,0.913946
16,2,0.025693,0.912038
16,3,0.026629,0.916439
16,4,0.026303,0.913809
16,5,0.025338,0.922481
16,6,0.025141,0.918313
16,7,0.025392,0.914976
16,8,0.025498,0.917355
16,9,0.025128,0.923238
16,10,0.025357,0.922626
16,11,0.025246,0.919407
16,12,0.024976,0.925046
16,13,0.024802,0.920920
16,14,0.024837,0.920526
16,15,0.024710,0.928579
16,16,0.024822,0.911690
16,17,0.025110,0.917648
16,18,0.025610,0.913545
16,19,0.025646,0.920195
16,20,0.025982,0.917426
16,21,0.026110,0.917340
16,22,0.026273,0.911873
16,23,0.026178,0.921049
16,24,0.026191,0.917850
16,25,0.026409,0.912682
16,26,0.026514,0.911679
16,27,0.026612,0.916928
16,28,0.026831,0.912617
16,29,0.026920,0.913746
16,30,0.026947,0.920825
16,31,0.026974,0.919545
16,32,0.027010,0.913377
16,33,0.026993,0.917180
16,34,0.027041,0.919060
16,35,0.027331,0.910690
16,36,0.027283,0.916199
16,37,0.027304,0.914949
16,38,0.027359,0.916467
16,39,0.027377,0.912694
16,40,0.027328,0.919056
16,41,0.027288,0.919224
16,42,0.027315,0.913636
16,43,0.027308,0.917078
16,44,0.027298,0.920472
16,45,0.027223,0.914885
16,46,0.027164,0.917610
16,47,0.027144,0.915734
16,48,0.027183,0.912983
16,49,0.027141,0.923427
16,50,0.027069,0.917407
16,51,0.026993,0.913280
16,52,0.026915,0.916748
16,53,0.026894,0.914369
16,54,0.026929,0.914137
16,55,0.026861,0.917944
16,56,0.026862,0.920967
16,57,0.026942,0.920025
16,58,0.026867,0.922960
16,59,0.026856,0.916865
16,60,0.026879,0.918883
16,61,0.026869,0.910485
16,62,0.027276,0.910586
16,63,0.027639,0.918366
16,64,0.027649,0.914728
16,65,0.027684,0.922422
16,66,0.027674,0.916976
16,67,0.027674,0.916941
16,68,0.027642,0.916752
16,69,0.027610,0.916999
16,70,0.027546,0.922507
16,71,0.027568,0.916751
16,72,0.027641,0.908706
16,73,0.027595,0.918294
16,74,0.027576,0.914405
16,75,0.027570,0.915661
16,76,0.027587,0.917878
16,77,0.027589,0.921906
16,78,0.027535,0.917346
17,1,0.027127,0.919182
17,2,0.027922,0.918463
17,3,0.027335,0.919989
17,4,0.027138,0.920856
17,5,0.026717,0.916372
17,6,0.026966,0.917327
17,7,0.026717,0.917115
17,8,0.026380,0.919427
17,9,0.026337,0.919448
17,10,0.025961,0.916761
17,11,0.027138,0.917133
17,12,0.026889,0.912721
17,13,0.026999,0.917547
17,14,0.026847,0.914935
17,15,0.027863,0.914640
17,16,0.027902,0.913662
17,17,0.027535,0.921150
17,18,0.027377,0.916728
17,19,0.027727,0.912620
17,20,0.027452,0.920061
17,21,0.027555,0.913951
17,22,0.027442,0.917682
17,23,0.027602,0.918755
17,24,0.027548,0.914634
17,25,0.027494,0.920091
17,26,0.027439,0.914993
17,27,0.027341,0.916374
17,28,0.027325,0.921951
17,29,0.028179,0.919887
17,30,0.028332,0.913344
17,31,0.028281,0.909653
17,32,0.028284,0.919928
17,33,0.028109,0.918732
17,34,0.028156,0.913950
17,35,0.028039,0.915049
17,36,0.027904,0.918996
17,37,0.027785,0.923099
17,38,0.027681,0.920167
17,39,0.027685,0.918571
17,40,0.027615,0.918838
17,41,0.027533,0.920475
17,42,0.027626,0.924640
17,43,0.027546,0.919973
17,44,0.027462,0.919191
17,45,0.027469,0.919070
17,46,0.027367,0.916821
17,47,0.027267,0.922185
17,48,0.027721,0.911942
17,49,0.027664,0.916307
17,50,0.027612,0.921232
17,51,0.027567,0.918276
17,52,0.027571,0.915616
17,53,0.027450,0.917406
17,54,0.027394,0.919104
17,55,0.027332,0.922595
17,56,0.027345,0.919412
17,57,0.027505,0.908597
17,58,0.027412,0.927814
17,59,0.027374,0.920856
17,60,0.027336,0.915988
17,61,0.027244,0.922815
17,62,0.027213,0.913377
17,63,0.027147,0.921581
17,64,0.027166,0.917104
17,65,0.027152,0.916090
17,66,0.027107,0.921397
17,67,0.027096,0.919208
17,68,0.027085,0.912772
17,69,0.027023,0.919320
17,70,0.027042,0.922082
17,71,0.027025,0.917282
17,72,0.027105,0.912861
17,73,0.027062,0.911666
17,74,0.027014,0.919143
17,75,0.027012,0.918227
17,76,0.027006,0.917028
17,77,0.026959,0.921331
17,78,0.026913,0.920304
18,1,0.023104,0.920923
18,2,0.025235,0.917562
18,3,0.025043,0.916403
18,4,0.026146,0.910962
18,5,0.025554,0.919802
18,6,0.025381,0.916069
18,7,0.025405,0.915555
18,8,0.025375,0.918773
18,9,0.024784,0.919978
18,10,0.024706,0.918033
18,11,0.024860,0.919472
18,12,0.025036,0.918637
18,13,0.025196,0.914608
18,14,0.024936,0.918266
18,15,0.024842,0.918531
18,16,0.024630,0.915592
18,17,0.024571,0.918956
18,18,0.024432,0.916347
18,19,0.024469,0.916508
18,20,0.024685,0.921260
18,21,0.024583,0.918714
18,22,0.024700,0.916289
18,23,0.024493,0.921292
18,24,0.024327,0.918401
18,25,0.024182,0.921573
18,26,0.024397,0.915015
18,27,0.024520,0.914772
18,28,0.024411,0.922245
18,29,0.024449,0.917563
18,30,0.024406,0.923886
18,31,0.024418,0.926482
18,32,0.024374,0.919755
18,33,0.024410,0.918936
18,34,0.024469,0.919679
18,35,0.024441,0.920391
18,36,0.024401,0.918475
18,37,0.024371,0.919525
18,38,0.024451,0.914576
18,39,0.024396,0.917124
18,40,0.024314,0.926255
18,41,0.024399,0.914116
18,42,0.024332,0.921397
18,43,0.024492,0.917556
18,44,0.024462,0.922876
18,45,0.024623,0.914545
18,46,0.024567,0.917009
18,47,0.024581,0.918915
18,48,0.024551,0.917228
18,49,0.024594,0.914177
18,50,0.024548,0.923364
18,51,0.024563,0.915870
18,52,0.024639,0.917545
18,53,0.024612,0.919882
18,54,0.024558,0.918741
18,55,0.024527,0.919195
18,56,0.024471,0.923252
18,57,0.024504,0.917997
18,58,0.024984,0.913937
18,59,0.024985,0.923470
18,60,0.024984,0.916179
18,61,0.025019,0.916862
18,62,0.025312,0.917293
18,63,0.025312,0.914309
18,64,0.025278,0.918366
18,65,0.025435,0.906421
18,66,0.025465,0.910269
18,67,0.025501,0.919502
18,68,0.025511,0.915385
18,69,0.025485,0.922653
18,70,0.025481,0.921066
18,71,0.025526,0.916958
18,72,0.025539,0.916019
18,73,0.025491,0.920040
18,74,0.025501,0.911377
18,75,0.025534,0.921912
18,76,0.025485,0.925348
18,77,0.025440,0.921838
18,78,0.025471,0.917265
19,1,0.023823,0.923148
19,2,0.027682,0.915081
19,3,0.026881,0.917275
19,4,0.025947,0.915726
19,5,0.026272,0.911106
19,6,0.026021,0.916262
19,7,0.025192,0.917275
19,8,0.024784,0.915043
19,9,0.024983,0.914960
19,10,0.024589,0.921153
19,11,0.024451,0.917970
19,12,0.024626,0.919362
19,13,0.024670,0.922264
19,14,0.024534,0.914210
19,15,0.025305,0.914220
19,16,0.025239,0.922193
19,17,0.025280,0.918932
19,18,0.027018,0.911013
19,19,0.026727,0.926056
19,20,0.027054,0.908851
19,21,0.026830,0.918598
19,22,0.027115,0.912803
19,23,0.026934,0.912871
19,24,0.026913,0.918896
19,25,0.026969,0.914079
19,26,0.026958,0.922575
19,27,0.027023,0.916698
19,28,0.026813,0.923603
19,29,0.026765,0.918952
19,30,0.026487,0.923673
19,31,0.026458,0.916586
19,32,0.026405,0.914847
19,33,0.026470,0.916864
19,34,0.026331,0.917523
19,35,0.026328,0.911653
19,36,0.026471,0.914955
19,37,0.026479,0.922531
19,38,0.026319,0.919418
19,39,0.026313,0.912448
19,40,0.026353,0.914765
19,41,0.026194,0.916362
19,42,0.026143,0.918053
19,43,0.026124,0.914925
19,44,0.026086,0.916440
19,45,0.026102,0.916871
19,46,0.026130,0.913000
19,47,0.026035,0.917167
19,48,0.026091,0.913302
19,49,0.026094,0.920162
19,50,0.026070,0.918543
19,51,0.025983,0.924029
19,52,0.025944,0.922475
19,53,0.025925,0.919345
19,54,0.025885,0.916749
19,55,0.025881,0.914670
19,56,0.025837,0.922682
19,57,0.025815,0.916451
19,58,0.025665,0.923272
19,59,0.025678,0.913729
19,60,0.025602,0.919064
19,61,0.025590,0.922615
19,62,0.025539,0.917475
19,63,0.025528,0.915285
19,64,0.025489,0.915630
19,65,0.025447,0.929051
19,66,0.025385,0.920469
19,67,0.025331,0.919479
19,68,0.025345,0.914382
19,69,0.025357,0.920962
19,70,0.025303,0.920806
19,71,0.025280,0.919027
19,72,0.025276,0.920608
19,73,0.025597,0.913931
19,74,0.025575,0.918970
19,75,0.025602,0.918154
19,76,0.025642,0.918810
19,77,0.025593,0.918616
19,78,0.025626,0.916055
20,1,0.021926,0.921163
20,2,0.021599,0.920219
20,3,0.021830,0.922123
20,4,0.022720,0.920726
20,5,0.023148,0.914795
20,6,0.023865,0.913972
20,7,0.023503,0.922136
20,8,0.024423,0.911677
20,9,0.024132,0.918213
20,10,0.024397,0.910740
20,11,0.024191,0.920015
20,12,0.024520,0.912542
20,13,0.024478,0.921918
20,14,0.024301,0.918169
20,15,0.024261,0.917517
20,16,0.024076,0.922083
20,17,0.024144,0.916858
20,18,0.024014,0.922369
20,19,0.023930,0.920630
20,20,0.023748,0.925319
20,21,0.023980,0.910711
20,22,0.023974,0.916240
20,23,0.023964,0.918271
20,24,0.023959,0.916610
20,25,0.023995,0.915662
20,26,0.024013,0.916603
20,27,0.023853,0.919606
20,28,0.023832,0.924202
20,29,0.023832,0.918820
20,30,0.023871,0.918981
20,31,0.023906,0.922406
20,32,0.023878,0.915572
20,33,0.023821,0.917410
20,34,0.023678,0.922601
20,35,0.023644,0.916662
20,36,0.023820,0.921358
20,37,0.023793,0.920956
20,38,0.023777,0.920090
20,39,0.023751,0.919855
20,40,0.023796,0.914081
20,41,0.023851,0.914293
20,42,0.023986,0.913609
20,43,0.023981,0.915562
20,44,0.023895,0.921598
20,45,0.024046,0.916500
20,46,0.024114,0.919191
20,47,0.024111,0.919705
20,48,0.024074,0.914383
20,49,0.024054,0.914776
20,50,0.024066,0.919860
20,51,0.024071,0.922604
20,52,0.024026,0.920433
20,53,0.024059,0.920329
20,54,0.024033,0.926526
20,55,0.024066,0.920586
20,56,0.024090,0.920247
20,57,0.024056,0.919199
20,58,0.024060,0.915815
20,59,0.024086,0.914748
20,60,0.024103,0.915572
20,61,0.024504,0.912631
20,62,0.024541,0.915648
20,63,0.024497,0.922753
20,64,0.024577,0.915022
20,65,0.024915,0.911948
20,66,0.024932,0.920064
20,67,0.024942,0.916153
20,68,0.024994,0.916801
20,69,0.024980,0.918603
20,70,0.024976,0.917067
20,71,0.024934,0.922715
20,72,0.024997,0.921087
20,73,0.025042,0.922269
20,74,0.025046,0.915897
20,75,0.025012,0.918683
20,76,0.024969,0.913610
20,77,0.024954,0.923135
20,78,0.024951,0.920451
