1,256,6.015438, 0.9352619051933289
1,512,5.975757, 0.9218894243240356
1,768,5.947408, 0.9022619724273682
1,1024,5.912720, 0.8829936981201172
1,1280,5.861888, 0.8561868071556091
1,1536,5.823283, 0.821083664894104
1,1792,5.789798, 0.7824646830558777
1,2048,5.751624, 0.7478607296943665
1,2304,5.710067, 0.710723876953125
1,2560,5.656152, 0.6833316087722778
1,2816,5.632751, 0.6307467818260193
1,3072,5.620382, 0.6047998666763306
1,3328,5.588513, 0.6340363025665283
1,3584,5.561118, 0.646513044834137
1,3840,5.546892, 0.6391725540161133
1,4096,5.537623, 0.6502568125724792
1,4352,5.529308, 0.6676837205886841
1,4608,5.511818, 0.6858394742012024
1,4864,5.498322, 0.6811291575431824
1,5120,5.488151, 0.6716887950897217
1,5376,5.488847, 0.6494214534759521
1,5632,5.472811, 0.6743109822273254
1,5888,5.465543, 0.6558240056037903
1,6144,5.462978, 0.6533627510070801
1,6400,5.443637, 0.6874229907989502
1,6656,5.438730, 0.6564574837684631
1,6912,5.424004, 0.673244059085846
1,7168,5.415125, 0.6574137210845947
1,7424,5.406940, 0.6491601467132568
1,7680,5.392896, 0.6553191542625427
1,7936,5.379042, 0.6514087915420532
1,8192,5.360481, 0.6571683883666992
1,8448,5.347452, 0.6359343528747559
1,8704,5.341153, 0.6088201999664307
1,8960,5.332669, 0.6255167722702026
1,9216,5.324890, 0.6316970586776733
1,9472,5.316446, 0.6495224833488464
1,9728,5.304202, 0.6738817691802979
1,9984,5.290570, 0.6876459717750549
2,256,4.952394, 0.66960608959198
2,512,4.949853, 0.6638660430908203
2,768,4.940904, 0.6640783548355103
2,1024,4.855222, 0.6810042858123779
2,1280,4.867637, 0.6491457223892212
2,1536,4.862569, 0.6566100120544434
2,1792,4.856378, 0.6589685082435608
2,2048,4.857034, 0.657837450504303
2,2304,4.881812, 0.6504765748977661
2,2560,4.873930, 0.6796644926071167
2,2816,4.880435, 0.6774541139602661
2,3072,4.869279, 0.7020494937896729
2,3328,4.874047, 0.6930587887763977
2,3584,4.885130, 0.685903787612915
2,3840,4.894718, 0.6915510892868042
2,4096,4.899154, 0.696185290813446
2,4352,4.895724, 0.6991559267044067
2,4608,4.889543, 0.6976134777069092
2,4864,4.888033, 0.6789184808731079
2,5120,4.890014, 0.6596421003341675
2,5376,4.885094, 0.670700192451477
2,5632,4.879757, 0.6682674884796143
2,5888,4.876835, 0.6594744920730591
2,6144,4.867866, 0.6695864200592041
2,6400,4.863590, 0.660380482673645
2,6656,4.863225, 0.6491113901138306
2,6912,4.855457, 0.6582262516021729
2,7168,4.854121, 0.6492253541946411
2,7424,4.847712, 0.6606689691543579
2,7680,4.839650, 0.6684742569923401
2,7936,4.831582, 0.6769163608551025
2,8192,4.824554, 0.6770908832550049
2,8448,4.819175, 0.6811212301254272
2,8704,4.816665, 0.6769354343414307
2,8960,4.811226, 0.6781578063964844
2,9216,4.802017, 0.684542179107666
2,9472,4.804226, 0.6381757259368896
2,9728,4.803449, 0.6458984017372131
2,9984,4.800310, 0.6578419208526611
3,256,4.863058, 0.6463959217071533
3,512,4.806629, 0.6621520519256592
3,768,4.720198, 0.6821984052658081
3,1024,4.687716, 0.6834412217140198
3,1280,4.682783, 0.673653781414032
3,1536,4.697891, 0.6629958152770996
3,1792,4.628694, 0.7022777199745178
3,2048,4.593214, 0.676214873790741
3,2304,4.582698, 0.6520528793334961
3,2560,4.581214, 0.6402857303619385
3,2816,4.597768, 0.6233316659927368
3,3072,4.615688, 0.6185204386711121
3,3328,4.618469, 0.6427059769630432
3,3584,4.616846, 0.661664605140686
3,3840,4.605092, 0.6942403316497803
3,4096,4.612699, 0.6810746192932129
3,4352,4.608374, 0.7001494765281677
3,4608,4.602762, 0.7060446739196777
3,4864,4.607226, 0.6920725703239441
3,5120,4.603378, 0.6975002288818359
3,5376,4.602135, 0.6824290752410889
3,5632,4.592494, 0.6865990161895752
3,5888,4.592944, 0.6587338447570801
3,6144,4.598831, 0.644813060760498
3,6400,4.588682, 0.6730310916900635
3,6656,4.572916, 0.6813546419143677
3,6912,4.562229, 0.6759821176528931
3,7168,4.554205, 0.6643037796020508
3,7424,4.549093, 0.6636700630187988
1,256,6.001650, 0.9351220726966858
1,256,6.084496, 0.9493324160575867
1,512,6.057458, 0.9427933096885681
1,768,6.068692, 0.9224281311035156
1,1024,6.041402, 0.9100385904312134
1,1280,6.014686, 0.8887262344360352
1,1536,5.987394, 0.856381893157959
1,1792,5.952523, 0.825753927230835
1,2048,5.916033, 0.7927062511444092
1,2304,5.879057, 0.7591421008110046
1,2560,5.819465, 0.7361760139465332
1,2816,5.796040, 0.6843364238739014
1,3072,5.774077, 0.6592296361923218
1,3328,5.749027, 0.6482577919960022
1,3584,5.748150, 0.6257437467575073
1,3840,5.734903, 0.6552260518074036
1,4096,5.744712, 0.6422433853149414
1,4352,5.738553, 0.6916459202766418
1,4608,5.735991, 0.6958603858947754
1,4864,5.734082, 0.7110040187835693
1,5120,5.728898, 0.7328739166259766
1,5376,5.720293, 0.7345162630081177
1,5632,5.712671, 0.7200804352760315
1,5888,5.712695, 0.6930605173110962
1,256,6.001650, 0.9351220726966858
1,512,5.931617, 0.927933931350708
1,768,5.920962, 0.8994994163513184
1,1024,5.859137, 0.8878965377807617
1,1280,5.818912, 0.8579606413841248
1,1536,5.774580, 0.8261407613754272
1,1792,5.736847, 0.7901725769042969
1,2048,5.686780, 0.7617478370666504
1,2304,5.644052, 0.7178614139556885
1,2560,5.573202, 0.6983320116996765
1,2816,5.539953, 0.6246933937072754
1,3072,5.539479, 0.5715099573135376
1,3328,5.520166, 0.5868961215019226
1,3584,5.487135, 0.6208377480506897
1,3840,5.475578, 0.6261088252067566
1,4096,5.461278, 0.6617849469184875
1,4352,5.449049, 0.6847357749938965
1,4608,5.440478, 0.6879459619522095
1,4864,5.428277, 0.6979801058769226
1,5120,5.407834, 0.7061835527420044
1,5376,5.400178, 0.6660869717597961
1,5632,5.387654, 0.6606072187423706
1,5888,5.375199, 0.6450504064559937
1,6144,5.363682, 0.6272623538970947
1,6400,5.342081, 0.6323882937431335
1,6656,5.329849, 0.6034835577011108
1,6912,5.318227, 0.6017485857009888
1,7168,5.307672, 0.6032642126083374
1,7424,5.298630, 0.6145226359367371
1,7680,5.286693, 0.6320576667785645
1,7936,5.275434, 0.6367738246917725
1,8192,5.264155, 0.6422548890113831
1,8448,5.256383, 0.6326749920845032
1,8704,5.250122, 0.6301572918891907
1,8960,5.246940, 0.6226767301559448
1,9216,5.239816, 0.6390679478645325
1,9472,5.230191, 0.6424625515937805
1,9728,5.222926, 0.6324225664138794
1,9984,5.212831, 0.6409555077552795
1,10240,5.212137, 0.604601263999939
1,10496,5.208635, 0.6148879528045654
1,10752,5.197375, 0.6436722874641418
1,11008,5.192407, 0.6242222785949707
1,11264,5.189242, 0.6296387910842896
1,11520,5.183514, 0.6426041126251221
1,11776,5.179425, 0.6433599591255188
1,12032,5.177224, 0.6395244598388672
1,12288,5.175601, 0.6333870887756348
1,12544,5.169538, 0.65170818567276
1,12800,5.165808, 0.646689772605896
1,13056,5.160300, 0.6504952907562256
1,13312,5.159970, 0.6274593472480774
1,13568,5.156238, 0.6435011029243469
1,13824,5.149123, 0.6660705208778381
1,14080,5.146363, 0.6514774560928345
1,14336,5.144981, 0.6459922194480896
1,14592,5.140957, 0.6632354259490967
1,14848,5.134826, 0.6660376787185669
1,15104,5.130599, 0.6456365585327148
1,15360,5.130020, 0.6184179186820984
1,15616,5.121661, 0.6605610847473145
1,15872,5.115779, 0.6442918181419373
1,16128,5.108471, 0.6523438692092896
1,16384,5.101451, 0.6562013626098633
1,16640,5.096456, 0.6429775953292847
1,16896,5.091122, 0.6405645608901978
1,17152,5.085997, 0.6522415280342102
1,17408,5.078970, 0.6777746677398682
1,17664,5.072641, 0.6630911827087402
1,17920,5.065454, 0.6667085886001587
1,18176,5.058640, 0.6569032073020935
1,18432,5.049514, 0.673191487789154
1,18688,5.042805, 0.6552008390426636
1,18944,5.035693, 0.6498859524726868
1,19200,5.031288, 0.6380265951156616
1,19456,5.024092, 0.6542855501174927
1,19712,5.017152, 0.6607695817947388
1,19968,5.010052, 0.6705010533332825
2,256,4.636203, 0.657163679599762
2,512,4.618659, 0.6653074622154236
2,768,4.692203, 0.6546666622161865
2,1024,4.640607, 0.6853795051574707
2,1280,4.588419, 0.6795096397399902
2,1536,4.624064, 0.637286901473999
2,1792,4.600015, 0.6571562886238098
2,2048,4.586935, 0.6553905010223389
2,2304,4.596580, 0.6432834267616272
2,2560,4.614752, 0.644536554813385
2,2816,4.601718, 0.6728278398513794
2,3072,4.606395, 0.6615290641784668
2,3328,4.616941, 0.6559942960739136
2,3584,4.623472, 0.662598192691803
2,3840,4.622557, 0.6721841096878052
2,4096,4.635741, 0.6535755395889282
2,4352,4.644659, 0.6563308238983154
2,4608,4.640781, 0.6680864095687866
2,4864,4.648428, 0.6560367941856384
2,5120,4.649254, 0.6641671657562256
2,5376,4.648548, 0.6664804816246033
2,5632,4.657632, 0.6479924917221069
2,5888,4.663634, 0.6615694761276245
2,6144,4.672926, 0.6685002446174622
2,6400,4.675710, 0.6853402853012085
2,6656,4.671541, 0.6987908482551575
2,6912,4.677449, 0.6645861268043518
2,7168,4.685026, 0.6489959955215454
2,7424,4.688739, 0.6537470817565918
2,7680,4.686363, 0.6767301559448242
2,7936,4.685636, 0.6742764711380005
2,8192,4.689216, 0.6658262014389038
2,8448,4.692956, 0.6685978174209595
2,8704,4.694642, 0.678285539150238
2,8960,4.698367, 0.6828079223632812
2,9216,4.696398, 0.6995507478713989
2,9472,4.700077, 0.6879031658172607
2,9728,4.705320, 0.6904634237289429
2,9984,4.703577, 0.7118463516235352
2,10240,4.703484, 0.7031282782554626
2,10496,4.707943, 0.6867105960845947
2,10752,4.712357, 0.6927748322486877
2,11008,4.717563, 0.6972895860671997
2,11264,4.718826, 0.7206474542617798
2,11520,4.718847, 0.7292056679725647
2,11776,4.723805, 0.7108848094940186
2,12032,4.726249, 0.7218190431594849
2,12288,4.729569, 0.7182632684707642
2,12544,4.734612, 0.7073627710342407
2,12800,4.739614, 0.7037792205810547
2,13056,4.745948, 0.7049306631088257
2,13312,4.746855, 0.7254840135574341
2,13568,4.748644, 0.7269868850708008
2,13824,4.753237, 0.7103624939918518
2,14080,4.752464, 0.7269915342330933
2,14336,4.755057, 0.7005268335342407
2,14592,4.755642, 0.7031295895576477
2,14848,4.755840, 0.6946954727172852
2,15104,4.757225, 0.6842790842056274
2,15360,4.753969, 0.7043347954750061
2,15616,4.752106, 0.6912049055099487
2,15872,4.751706, 0.6908777952194214
2,16128,4.754579, 0.6777120232582092
2,16384,4.753333, 0.7073861956596375
2,16640,4.750297, 0.717314600944519
2,16896,4.748577, 0.7090399265289307
2,17152,4.746532, 0.7048022747039795
2,17408,4.745208, 0.6979814171791077
2,17664,4.744016, 0.6953199505805969
2,17920,4.742200, 0.6940912008285522
2,18176,4.741303, 0.6848976612091064
2,18432,4.740223, 0.6910297870635986
2,18688,4.739170, 0.6979717016220093
2,18944,4.737356, 0.7145347595214844
2,19200,4.736964, 0.7073892951011658
2,19456,4.734902, 0.7115297913551331
2,19712,4.733295, 0.7000949382781982
2,19968,4.732433, 0.690000593662262
4,256,4.539100, 0.7423394918441772
4,512,4.509074, 0.7383882999420166
4,768,4.524894, 0.7154791355133057
4,1024,4.562568, 0.7137844562530518
4,1280,4.589434, 0.7186769247055054
4,1536,4.629300, 0.7373396158218384
4,1792,4.643987, 0.7587952017784119
4,2048,4.657879, 0.77126145362854
4,2304,4.643985, 0.7907589673995972
4,2560,4.654461, 0.7687326669692993
4,2816,4.655201, 0.7680087089538574
4,3072,4.652947, 0.7531859874725342
4,3328,4.656863, 0.7360934019088745
4,3584,4.656648, 0.7244880199432373
4,3840,4.664929, 0.7124490737915039
4,4096,4.680812, 0.7156736850738525
4,4352,4.685431, 0.7578527927398682
4,4608,4.681950, 0.7785691618919373
4,4864,4.691507, 0.7599413394927979
4,5120,4.699298, 0.7588683366775513
4,5376,4.711446, 0.741272509098053
4,5632,4.711511, 0.7457517385482788
4,5888,4.722540, 0.70977783203125
4,6144,4.727199, 0.72723388671875
4,6400,4.738481, 0.7242806553840637
4,6656,4.740784, 0.7590421438217163
4,6912,4.739119, 0.7623813152313232
4,7168,4.742578, 0.7388447523117065
4,7424,4.744684, 0.733806312084198
4,7680,4.752384, 0.7021691799163818
4,7936,4.754400, 0.7392220497131348
4,8192,4.755532, 0.7648550271987915
4,8448,4.752011, 0.7864830493927002
4,8704,4.749006, 0.763850212097168
4,8960,4.747459, 0.7346091270446777
4,9216,4.752255, 0.70334792137146
4,9472,4.749563, 0.7408536076545715
4,9728,4.750688, 0.7534455060958862
4,9984,4.752774, 0.7621194124221802
4,10240,4.752633, 0.779070258140564
4,10496,4.751099, 0.7804406881332397
4,10752,4.756790, 0.7452991604804993
4,11008,4.760568, 0.737743616104126
4,11264,4.762808, 0.7355101704597473
4,11520,4.764616, 0.7330377697944641
4,11776,4.767336, 0.7373592853546143
4,12032,4.764223, 0.7639120817184448
4,12288,4.769541, 0.7349162697792053
4,12544,4.770017, 0.752826452255249
4,12800,4.770883, 0.7479614019393921
4,13056,4.770822, 0.744378924369812
4,13312,4.772361, 0.7308821082115173
4,13568,4.767359, 0.7446779608726501
4,13824,4.770498, 0.6972240209579468
4,14080,4.769904, 0.717731237411499
4,14336,4.767184, 0.736467719078064
4,14592,4.766568, 0.7304894924163818
4,14848,4.765762, 0.7335494756698608
4,15104,4.765118, 0.7344040274620056
4,15360,4.764490, 0.722175121307373
4,15616,4.766133, 0.7065009474754333
4,15872,4.765146, 0.7179081439971924
4,16128,4.765893, 0.7132730484008789
4,16384,4.765180, 0.7267716526985168
4,16640,4.760620, 0.7514955997467041
4,16896,4.761156, 0.7288539409637451
4,17152,4.762383, 0.7184420228004456
4,17408,4.761335, 0.7314417362213135
4,17664,4.762368, 0.7366825342178345
4,17920,4.764102, 0.7360904216766357
4,18176,4.760599, 0.7666338682174683
4,18432,4.762151, 0.7325468063354492
4,18688,4.761188, 0.755295991897583
4,18944,4.759952, 0.7588224411010742
4,19200,4.758420, 0.7473912239074707
4,19456,4.756810, 0.7255288362503052
4,19712,4.762947, 0.673444926738739
4,19968,4.764926, 0.727370023727417
5,256,5.042997, 0.7357414960861206
5,512,4.936011, 0.7741844654083252
5,768,4.970361, 0.7480350732803345
5,1024,4.968170, 0.7411627173423767
5,1280,5.036643, 0.7126806378364563
5,1536,5.037448, 0.7495012879371643
5,1792,5.052142, 0.768386721611023
5,2048,5.059800, 0.7760737538337708
5,2304,5.051977, 0.778976321220398
5,2560,5.073587, 0.708670973777771
5,2816,5.089741, 0.6966180801391602
5,3072,5.110537, 0.7099661231040955
5,3328,5.109603, 0.7841466665267944
5,3584,5.120043, 0.7874729633331299
5,3840,5.128671, 0.7872276306152344
5,4096,5.133658, 0.7703721523284912
5,4352,5.139406, 0.7491329908370972
5,4608,5.143537, 0.7371719479560852
5,4864,5.150753, 0.7362060546875
5,5120,5.161888, 0.7390241622924805
5,5376,5.161339, 0.779045820236206
5,5632,5.161880, 0.7765703201293945
5,5888,5.160266, 0.7716343402862549
5,6144,5.151943, 0.7577285766601562
5,6400,5.143360, 0.7171754837036133
5,6656,5.143352, 0.6806264519691467
5,6912,5.142015, 0.7164242267608643
5,7168,5.141285, 0.7501628398895264
5,7424,5.138331, 0.7803886532783508
5,7680,5.143431, 0.7840520739555359
5,7936,5.146893, 0.7902257442474365
5,8192,5.147430, 0.7839711904525757
5,8448,5.146826, 0.7471717596054077
5,8704,5.148823, 0.7005597352981567
5,8960,5.150897, 0.6943978667259216
5,9216,5.147634, 0.7565551996231079
5,9472,5.150805, 0.7556666731834412
5,9728,5.154271, 0.7659628391265869
5,9984,5.154488, 0.7672770023345947
5,10240,5.154459, 0.7391602993011475
5,10496,5.154211, 0.706709623336792
5,10752,5.153994, 0.683814287185669
5,11008,5.153099, 0.7149068117141724
5,11264,5.148439, 0.759196400642395
5,11520,5.148862, 0.7449736595153809
5,11776,5.150490, 0.7111994028091431
5,12032,5.148179, 0.7315382957458496
5,12288,5.145552, 0.7471209764480591
5,12544,5.146686, 0.7049435377120972
5,12800,5.151312, 0.6719421744346619
5,13056,5.154943, 0.7206194400787354
5,13312,5.156001, 0.7880325317382812
5,13568,5.157432, 0.7828412652015686
5,13824,5.155443, 0.740838885307312
5,14080,5.158434, 0.6589115858078003
5,14336,5.161712, 0.6819791793823242
5,14592,5.165327, 0.7498689293861389
5,14848,5.168434, 0.7702909708023071
5,15104,5.168908, 0.7625342607498169
5,15360,5.169125, 0.7262486219406128
5,15616,5.166555, 0.6773648262023926
5,15872,5.167856, 0.650041937828064
5,16128,5.170318, 0.711807370185852
5,16384,5.173534, 0.7708436250686646
5,16640,5.177490, 0.7781963348388672
5,16896,5.180813, 0.7660847902297974
5,17152,5.182360, 0.746924638748169
5,17408,5.184092, 0.6840452551841736
5,17664,5.181873, 0.707321286201477
5,17920,5.181328, 0.7206451892852783
5,18176,5.183944, 0.7255659699440002
5,18432,5.183796, 0.7739216089248657
5,18688,5.185772, 0.7556709051132202
5,18944,5.188505, 0.7502719163894653
5,19200,5.191221, 0.7655559778213501
5,19456,5.191216, 0.7802203893661499
5,19712,5.193471, 0.7597257494926453
5,19968,5.193408, 0.7505956888198853
6,256,5.061515, 0.7487751245498657
6,512,5.161801, 0.7315013408660889
6,768,5.102098, 0.767055869102478
6,1024,5.065098, 0.7805372476577759
6,1280,5.040786, 0.798020601272583
6,1536,5.032140, 0.793491005897522
6,1792,5.043850, 0.7882153391838074
6,2048,5.068427, 0.7806177139282227
6,2304,5.064937, 0.8021260499954224
6,2560,5.052943, 0.8012315034866333
6,2816,5.059387, 0.7761663198471069
6,3072,5.067615, 0.761809766292572
6,3328,5.071646, 0.7409037947654724
6,3584,5.072907, 0.7851052284240723
6,3840,5.067549, 0.8007984757423401
6,4096,5.080176, 0.7723138332366943
6,4352,5.081353, 0.7869598865509033
6,4608,5.087615, 0.768913745880127
6,4864,5.099543, 0.7605769634246826
6,5120,5.105797, 0.8135382533073425
6,5376,5.110833, 0.8092306852340698
6,5632,5.122764, 0.7552584409713745
6,5888,5.135968, 0.7788995504379272
6,6144,5.137511, 0.810042142868042
6,6400,5.135086, 0.8425981998443604
6,6656,5.137229, 0.7744356393814087
6,6912,5.153103, 0.755616307258606
6,7168,5.162312, 0.846048891544342
6,7424,5.172079, 0.8525580167770386
6,7680,5.180319, 0.8492758274078369
6,7936,5.185092, 0.8349307775497437
6,8192,5.183002, 0.7929744720458984
6,8448,5.185258, 0.7612677812576294
6,8704,5.184426, 0.7679144144058228
6,8960,5.187833, 0.8310658931732178
6,9216,5.193835, 0.8375245332717896
6,9472,5.199652, 0.8183307647705078
6,9728,5.201870, 0.8075035810470581
6,9984,5.211380, 0.7690604329109192
6,10240,5.210578, 0.8289554119110107
6,10496,5.219157, 0.8174153566360474
6,10752,5.221873, 0.8268761038780212
6,11008,5.227820, 0.8179576396942139
6,11264,5.228473, 0.7992074489593506
6,11520,5.227176, 0.7946892976760864
6,11776,5.228745, 0.7656575441360474
6,12032,5.229335, 0.7906925678253174
6,12288,5.230674, 0.8180926442146301
6,12544,5.229454, 0.8277207612991333
6,12800,5.229536, 0.7887661457061768
6,13056,5.225898, 0.7703314423561096
6,13312,5.224426, 0.7599139213562012
6,13568,5.219645, 0.7994147539138794
6,13824,5.217228, 0.7730225324630737
6,14080,5.213155, 0.7043595314025879
6,14336,5.210536, 0.7367900609970093
6,14592,5.210004, 0.8156687021255493
6,14848,5.203836, 0.7820311784744263
6,15104,5.201341, 0.7046666741371155
6,15360,5.191413, 0.7361079454421997
6,15616,5.185363, 0.7013571262359619
6,15872,5.177331, 0.8025282621383667
6,16128,5.171176, 0.6965070366859436
6,16384,5.163451, 0.7144047021865845
6,16640,5.157247, 0.7182549238204956
6,16896,5.152071, 0.73841392993927
6,17152,5.148412, 0.7303284406661987
6,17408,5.147997, 0.722707986831665
6,17664,5.147947, 0.7699812650680542
6,17920,5.146480, 0.7829954624176025
6,18176,5.146225, 0.7627524137496948
6,18432,5.143703, 0.7673755884170532
6,18688,5.141767, 0.7657619118690491
6,18944,5.142830, 0.7437080144882202
6,19200,5.143254, 0.8061041831970215
6,19456,5.142064, 0.8269597291946411
6,19712,5.141742, 0.8090123534202576
6,19968,5.144071, 0.7581159472465515
7,256,5.009933, 0.7644113898277283
7,512,4.939490, 0.7822835445404053
7,768,5.014272, 0.7642222046852112
7,1024,5.045449, 0.7952537536621094
7,1280,5.043655, 0.7832474112510681
7,1536,5.015406, 0.7878392934799194
7,1792,5.017934, 0.7436503767967224
7,2048,5.006533, 0.7651578187942505
7,2304,4.981928, 0.7933282256126404
7,2560,4.964155, 0.7605190277099609
7,2816,4.971505, 0.7339727282524109
7,3072,4.972907, 0.7678762078285217
7,3328,4.961183, 0.8016202449798584
7,3584,4.945115, 0.7707586288452148
7,3840,4.932181, 0.7230045199394226
7,4096,4.924977, 0.7160221338272095
7,4352,4.912680, 0.7763241529464722
7,4608,4.899215, 0.7752277851104736
7,4864,4.886021, 0.7420392036437988
7,5120,4.874645, 0.7175847291946411
7,5376,4.873570, 0.7287713289260864
7,5632,4.866182, 0.7635897397994995
7,5888,4.856317, 0.7815860509872437
7,6144,4.858996, 0.695868968963623
7,6400,4.861671, 0.7986884117126465
7,6656,4.866213, 0.7834837436676025
7,6912,4.868715, 0.8112315535545349
7,7168,4.867044, 0.7521864771842957
7,7424,4.867446, 0.7125070691108704
7,7680,4.864069, 0.7624006271362305
7,7936,4.859248, 0.7224933505058289
7,8192,4.855929, 0.6907496452331543
7,8448,4.853719, 0.7156036496162415
7,8704,4.860012, 0.7351263165473938
7,8960,4.869709, 0.7495554685592651
7,9216,4.881059, 0.7508151531219482
7,9472,4.886932, 0.796416163444519
7,9728,4.890014, 0.8214187622070312
7,9984,4.896095, 0.8036463856697083
7,10240,4.901082, 0.7695208191871643
7,10496,4.902664, 0.7764577269554138
7,10752,4.908057, 0.7522771954536438
7,11008,4.912600, 0.7864698171615601
7,11264,4.920890, 0.7869436740875244
7,11520,4.930292, 0.8146970868110657
7,11776,4.932193, 0.8360849618911743
7,12032,4.929623, 0.8137390613555908
7,12288,4.931560, 0.7378003597259521
7,12544,4.936629, 0.7258829474449158
7,12800,4.941469, 0.7852931022644043
7,13056,4.945773, 0.8265378475189209
7,13312,4.947488, 0.8048702478408813
7,13568,4.949379, 0.770045280456543
7,13824,4.954717, 0.7354981303215027
7,14080,4.954687, 0.7873731851577759
7,14336,4.955630, 0.773374080657959
7,14592,4.957913, 0.7783033847808838
7,14848,4.955594, 0.7563259601593018
7,15104,4.950280, 0.7093255519866943
7,15360,4.952384, 0.6930553317070007
7,15616,4.947607, 0.7739793062210083
7,15872,4.942783, 0.7674822211265564
7,16128,4.943629, 0.7424275875091553
7,16384,4.944638, 0.6937829852104187
7,16640,4.947164, 0.7281438112258911
7,16896,4.950567, 0.7788535356521606
7,17152,4.950524, 0.7858197689056396
7,17408,4.950023, 0.7122917175292969
7,17664,4.944825, 0.7164467573165894
7,17920,4.942668, 0.6922557353973389
7,18176,4.938827, 0.711052417755127
7,18432,4.939955, 0.688724935054779
7,18688,4.941233, 0.7258012294769287
7,18944,4.940171, 0.7518371343612671
7,19200,4.941805, 0.7325375080108643
7,19456,4.940169, 0.7240629196166992
7,19712,4.943736, 0.6994965076446533
7,19968,4.949432, 0.8049885034561157
8,256,5.344478, 0.8455123901367188
8,512,5.345822, 0.8448845744132996
8,768,5.318505, 0.8130733370780945
8,1024,5.291546, 0.8050600290298462
8,1280,5.277026, 0.7511114478111267
8,1536,5.292033, 0.7496929168701172
8,1792,5.290804, 0.790647566318512
8,2048,5.315790, 0.797389805316925
8,2304,5.329212, 0.838827908039093
8,2560,5.324558, 0.8247198462486267
8,2816,5.307974, 0.7847773432731628
8,3072,5.306513, 0.7291086912155151
8,3328,5.309690, 0.7368319630622864
8,3584,5.307799, 0.7743347883224487
8,3840,5.307908, 0.8171814680099487
8,4096,5.307339, 0.8242043852806091
8,4352,5.306967, 0.7684171795845032
8,4608,5.299614, 0.7401227951049805
8,4864,5.290795, 0.755527138710022
8,5120,5.287938, 0.7584373950958252
8,5376,5.288786, 0.7687578201293945
8,5632,5.297883, 0.7483545541763306
8,5888,5.301587, 0.7930180430412292
8,6144,5.299712, 0.8054934144020081
8,6400,5.297102, 0.7600171566009521
8,6656,5.298578, 0.7001045346260071
8,6912,5.302698, 0.709044337272644
8,7168,5.307768, 0.7328654527664185
8,7424,5.308643, 0.783814013004303
8,7680,5.313035, 0.7923901081085205
8,7936,5.311699, 0.7568475604057312
8,8192,5.310470, 0.7193378210067749
8,8448,5.307764, 0.7557016611099243
8,8704,5.309240, 0.7244243621826172
8,8960,5.306039, 0.7348353862762451
8,9216,5.305951, 0.7188072204589844
8,9472,5.304863, 0.7571315169334412
8,9728,5.300734, 0.7676569223403931
8,9984,5.297869, 0.745434582233429
8,10240,5.300442, 0.68172687292099
8,10496,5.306305, 0.6950440406799316
8,10752,5.312481, 0.8039606809616089
8,11008,5.318369, 0.8468167781829834
8,11264,5.326100, 0.8452520370483398
8,11520,5.335938, 0.8405351042747498
8,11776,5.346134, 0.8278464078903198
8,12032,5.355761, 0.8117222189903259
8,12288,5.362845, 0.8056097030639648
8,12544,5.370351, 0.8046748638153076
8,12800,5.377668, 0.8113651275634766
8,13056,5.383368, 0.8087813854217529
8,13312,5.389476, 0.7970001697540283
8,13568,5.394488, 0.8080064058303833
8,13824,5.401349, 0.800676703453064
8,14080,5.409442, 0.7907665967941284
8,14336,5.415010, 0.8206795454025269
8,14592,5.420675, 0.8315341472625732
8,14848,5.426103, 0.8315005898475647
8,15104,5.432115, 0.8307156562805176
8,15360,5.435749, 0.8397923707962036
8,15616,5.441395, 0.8201049566268921
8,15872,5.445688, 0.8207958936691284
8,16128,5.450070, 0.8216910362243652
8,16384,5.452478, 0.8180299401283264
8,16640,5.456703, 0.7932632565498352
8,16896,5.460230, 0.7759884595870972
8,17152,5.463352, 0.7736049294471741
8,17408,5.467918, 0.774300217628479
8,17664,5.470711, 0.7908816337585449
8,17920,5.475547, 0.787775993347168
8,18176,5.477185, 0.8183728456497192
8,18432,5.480499, 0.8183417320251465
8,18688,5.482752, 0.8221392631530762
8,18944,5.483673, 0.8310415148735046
8,19200,5.484774, 0.8273382186889648
8,19456,5.484923, 0.8236101865768433
8,19712,5.486217, 0.8085387945175171
8,19968,5.486418, 0.8052080869674683
9,256,5.478902, 0.7915118932723999
9,512,5.384169, 0.797950029373169
9,768,5.400428, 0.7780776023864746
9,1024,5.356181, 0.7732087969779968
9,1280,5.368204, 0.7470099925994873
9,1536,5.368297, 0.7456809282302856
9,1792,5.372423, 0.7380488514900208
9,2048,5.338715, 0.7574589252471924
9,2304,5.324864, 0.7523328065872192
9,2560,5.303604, 0.7565149068832397
9,2816,5.306719, 0.7424875497817993
9,3072,5.295578, 0.758747935295105
9,3328,5.293292, 0.760715126991272
9,3584,5.277036, 0.7776886224746704
9,3840,5.263026, 0.7809774875640869
9,4096,5.251205, 0.7811418771743774
9,4352,5.250652, 0.7622650265693665
9,4608,5.238734, 0.7759117484092712
9,4864,5.228332, 0.761076033115387
9,5120,5.206345, 0.7756236791610718
9,5376,5.195980, 0.756894588470459
9,5632,5.187289, 0.7432783842086792
9,5888,5.180935, 0.7332797050476074
9,6144,5.167137, 0.7480742335319519
9,6400,5.160522, 0.7185237407684326
9,6656,5.153999, 0.7110525965690613
9,6912,5.148313, 0.727328896522522
9,7168,5.138326, 0.7423357367515564
9,7424,5.132128, 0.7647210359573364
9,7680,5.123130, 0.780097484588623
9,7936,5.113696, 0.7824373841285706
9,8192,5.110281, 0.7748293876647949
9,8448,5.099555, 0.7885899543762207
9,8704,5.094499, 0.7721360921859741
9,8960,5.090419, 0.7640867233276367
9,9216,5.083507, 0.7688480019569397
9,9472,5.078467, 0.7438737154006958
9,9728,5.067177, 0.743746817111969
9,9984,5.055258, 0.7283982038497925
9,10240,5.052672, 0.6850509643554688
9,10496,5.044460, 0.705069363117218
9,10752,5.042824, 0.6984323263168335
9,11008,5.038085, 0.7104746103286743
9,11264,5.029491, 0.7405285239219666
9,11520,5.021470, 0.7510660886764526
9,11776,5.012527, 0.7589499950408936
9,12032,5.008734, 0.7464320659637451
9,12288,5.003632, 0.7504878044128418
9,12544,4.996506, 0.7531795501708984
9,12800,4.986528, 0.7654045224189758
9,13056,4.982675, 0.7413549423217773
9,13312,4.976210, 0.7509024143218994
9,13568,4.976425, 0.7252529859542847
9,13824,4.967482, 0.7600674033164978
9,14080,4.959705, 0.7542585134506226
9,14336,4.952302, 0.7492029070854187
9,14592,4.947222, 0.7418918609619141
9,14848,4.941311, 0.7509093284606934
9,15104,4.935325, 0.7473912239074707
9,15360,4.929996, 0.7552387714385986
9,15616,4.924387, 0.7562899589538574
9,15872,4.918780, 0.751673698425293
9,16128,4.913769, 0.7251243591308594
9,16384,4.904753, 0.7419979572296143
9,16640,4.897010, 0.7243471145629883
9,16896,4.888380, 0.7273094654083252
9,17152,4.880938, 0.7144075036048889
9,17408,4.872663, 0.713460385799408
9,17664,4.867075, 0.6942362785339355
9,17920,4.863134, 0.6835008859634399
9,18176,4.860584, 0.676075279712677
9,18432,4.853768, 0.7181776762008667
9,18688,4.850710, 0.7026273012161255
9,18944,4.846930, 0.7115150094032288
9,19200,4.843131, 0.713079035282135
9,19456,4.837383, 0.7333666086196899
9,19712,4.833640, 0.7310387492179871
9,19968,4.830925, 0.7184110879898071
10,256,4.673985, 0.7163923978805542
10,512,4.407577, 0.7517353296279907
10,768,4.462321, 0.7159013748168945
10,1024,4.510758, 0.7039753794670105
10,1280,4.547862, 0.7133927941322327
10,1536,4.557715, 0.7109063863754272
10,1792,4.542237, 0.7230678796768188
10,2048,4.539446, 0.71700119972229
10,2304,4.537075, 0.7402365207672119
10,2560,4.548142, 0.7344393134117126
10,2816,4.559820, 0.7588422298431396
10,3072,4.571539, 0.7770508527755737
10,3328,4.567497, 0.7897481918334961
10,3584,4.584117, 0.7808860540390015
10,3840,4.599531, 0.8020675182342529
10,4096,4.595619, 0.8207820653915405
10,4352,4.617433, 0.7893238067626953
10,4608,4.626413, 0.7962009906768799
10,4864,4.641660, 0.7699633836746216
10,5120,4.656096, 0.762579619884491
10,5376,4.671317, 0.7749253511428833
10,5632,4.695199, 0.7714769840240479
10,5888,4.717153, 0.7958970665931702
10,6144,4.734756, 0.8120654821395874
10,6400,4.747337, 0.8162034749984741
10,6656,4.764946, 0.7925740480422974
10,6912,4.783115, 0.7802494764328003
10,7168,4.801855, 0.7856327295303345
10,7424,4.815016, 0.8015729188919067
10,7680,4.829176, 0.7969118356704712
10,7936,4.841802, 0.7985172271728516
10,8192,4.851983, 0.8125929832458496
10,8448,4.855705, 0.8236048221588135
10,8704,4.864167, 0.7942179441452026
10,8960,4.867110, 0.7879090309143066
10,9216,4.875154, 0.7633894681930542
10,9472,4.878415, 0.7696210145950317
10,9728,4.886511, 0.7457396984100342
10,9984,4.885712, 0.7766909599304199
10,10240,4.885272, 0.7798490524291992
10,10496,4.883880, 0.7951871752738953
10,10752,4.879276, 0.782128095626831
10,11008,4.870481, 0.7863863110542297
10,11264,4.868465, 0.776197075843811
10,11520,4.864656, 0.7860280275344849
10,11776,4.857814, 0.7815321683883667
10,12032,4.858090, 0.7394191026687622
10,12288,4.856868, 0.7222172021865845
10,12544,4.852398, 0.7381565570831299
10,12800,4.845864, 0.7567678689956665
10,13056,4.845902, 0.7544806003570557
10,13312,4.838674, 0.8009904623031616
10,13568,4.837729, 0.7803524136543274
10,13824,4.837433, 0.7821305990219116
10,14080,4.834451, 0.7843310832977295
10,14336,4.830299, 0.7839710712432861
10,14592,4.826431, 0.7733312249183655
10,14848,4.827476, 0.738944947719574
10,15104,4.825487, 0.7441368699073792
10,15360,4.823075, 0.7452356219291687
10,15616,4.821917, 0.7384206056594849
10,15872,4.818570, 0.74635910987854
10,16128,4.820371, 0.7241858243942261
10,16384,4.817364, 0.7519083023071289
10,16640,4.812761, 0.7690489888191223
10,16896,4.812736, 0.747692346572876
10,17152,4.812389, 0.7486059665679932
10,17408,4.811911, 0.7479239702224731
10,17664,4.807771, 0.7619922161102295
10,17920,4.805381, 0.7530364990234375
10,18176,4.802361, 0.7522643804550171
10,18432,4.804209, 0.7120199203491211
10,18688,4.800472, 0.7370634078979492
10,18944,4.796460, 0.7352414131164551
10,19200,4.795053, 0.7191648483276367
10,19456,4.791053, 0.7341155409812927
10,19712,4.789179, 0.715397298336029
10,19968,4.789458, 0.6986796259880066
11,256,4.633865, 0.7237007021903992
11,512,4.716609, 0.7126338481903076
11,768,4.697820, 0.7278331518173218
11,1024,4.686974, 0.737302303314209
11,1280,4.651998, 0.7449758052825928
11,1536,4.670132, 0.7235361337661743
11,1792,4.640329, 0.7444895505905151
11,2048,4.630803, 0.7326672077178955
11,2304,4.601478, 0.7304865121841431
11,2560,4.604568, 0.7050275802612305
11,2816,4.602206, 0.7038967609405518
11,3072,4.587106, 0.7199504375457764
11,3328,4.581563, 0.7141468524932861
11,3584,4.576163, 0.7200841903686523
11,3840,4.576232, 0.717660665512085
11,4096,4.574892, 0.7239883542060852
11,4352,4.577135, 0.7174919843673706
11,4608,4.565170, 0.7337067127227783
11,4864,4.564039, 0.7129460573196411
11,5120,4.557631, 0.7157513499259949
11,5376,4.551239, 0.7128900289535522
11,5632,4.551725, 0.6904428005218506
11,5888,4.546873, 0.7017400860786438
11,6144,4.546020, 0.6952860355377197
11,6400,4.540945, 0.7151684761047363
11,6656,4.536448, 0.716730535030365
11,6912,4.525144, 0.7329208850860596
11,7168,4.518700, 0.7231354117393494
11,7424,4.512987, 0.719348669052124
11,7680,4.503675, 0.7196753025054932
11,7936,4.497146, 0.7068503499031067
11,8192,4.484244, 0.7214158773422241
11,8448,4.474283, 0.707170844078064
11,8704,4.467845, 0.7011439800262451
11,8960,4.468748, 0.6871522068977356
11,9216,4.464056, 0.6992688179016113
11,9472,4.458228, 0.714331328868866
11,9728,4.459621, 0.6982277035713196
11,9984,4.456362, 0.7253808975219727
11,10240,4.452499, 0.7287226319313049
11,10496,4.450491, 0.7330348491668701
11,10752,4.449757, 0.7293387055397034
11,11008,4.443294, 0.7466204166412354
11,11264,4.440095, 0.7346465587615967
11,11520,4.434589, 0.7334789037704468
11,11776,4.428678, 0.7297187447547913
11,12032,4.423925, 0.7227262258529663
11,12288,4.419383, 0.7217117547988892
11,12544,4.419900, 0.696510910987854
11,12800,4.412499, 0.7215228080749512
11,13056,4.408899, 0.7065027952194214
11,13312,4.406697, 0.6967766284942627
11,13568,4.405526, 0.7026810646057129
11,13824,4.401899, 0.7160766124725342
11,14080,4.397899, 0.7223840951919556
11,14336,4.396569, 0.7173047065734863
11,14592,4.395101, 0.7190235257148743
11,14848,4.393160, 0.7297531366348267
11,15104,4.386830, 0.7456631660461426
11,15360,4.381410, 0.7361263036727905
11,15616,4.380059, 0.7073644995689392
11,15872,4.376885, 0.7160974740982056
11,16128,4.377476, 0.6934695243835449
11,16384,4.372190, 0.7155551910400391
11,16640,4.371010, 0.6892513632774353
11,16896,4.363420, 0.7189093232154846
11,17152,4.361822, 0.6974719166755676
11,17408,4.361979, 0.6964290738105774
11,17664,4.360150, 0.7148973345756531
11,17920,4.358427, 0.7239775061607361
11,18176,4.353121, 0.7444667220115662
11,18432,4.353989, 0.7117233276367188
11,18688,4.353388, 0.7244457006454468
11,18944,4.351016, 0.7435542345046997
11,19200,4.354284, 0.713534414768219
11,19456,4.353332, 0.7373632788658142
11,19712,4.352350, 0.7395056486129761
11,19968,4.349853, 0.7412610054016113
12,256,4.178526, 0.7361990213394165
12,512,4.326571, 0.7125753164291382
12,768,4.319952, 0.7253564596176147
12,1024,4.326651, 0.7143044471740723
12,1280,4.254899, 0.7391810417175293
12,1536,4.264852, 0.7115579843521118
12,1792,4.278470, 0.7037458419799805
12,2048,4.289806, 0.7057029008865356
12,2304,4.298527, 0.7097727060317993
12,2560,4.313358, 0.7129544019699097
12,2816,4.321862, 0.7161928415298462
12,3072,4.313111, 0.7299692630767822
12,3328,4.285172, 0.7505642175674438
12,3584,4.298044, 0.7024132609367371
12,3840,4.300221, 0.7016003131866455
12,4096,4.294912, 0.7066489458084106
12,4352,4.286140, 0.7055926322937012
12,4608,4.289981, 0.6933368444442749
12,4864,4.295163, 0.6998147964477539
12,5120,4.295620, 0.710784912109375
12,5376,4.291644, 0.7294172644615173
12,5632,4.295326, 0.7151395082473755
12,5888,4.294437, 0.7264732122421265
12,6144,4.298387, 0.7196673154830933
12,6400,4.289477, 0.7397648096084595
12,6656,4.289102, 0.715554416179657
12,6912,4.293362, 0.7037286162376404
12,7168,4.300161, 0.6940073370933533
12,7424,4.303308, 0.7053868174552917
12,7680,4.312204, 0.701432466506958
12,7936,4.316011, 0.7242929339408875
12,8192,4.320375, 0.7330492734909058
12,8448,4.325751, 0.7358278632164001
12,8704,4.326776, 0.7429029941558838
12,8960,4.327810, 0.7306867241859436
12,9216,4.329288, 0.7208012342453003
12,9472,4.330496, 0.7090064287185669
12,9728,4.335548, 0.6875804662704468
12,9984,4.339084, 0.693772554397583
12,10240,4.337689, 0.7065786123275757
12,10496,4.337043, 0.7122975587844849
12,10752,4.338794, 0.7091578245162964
12,11008,4.335439, 0.7263615131378174
12,11264,4.328903, 0.740847647190094
12,11520,4.326505, 0.7229580283164978
12,11776,4.322124, 0.7217831015586853
12,12032,4.314552, 0.7308574914932251
12,12288,4.314036, 0.6817325949668884
12,12544,4.312983, 0.6901735067367554
12,12800,4.313225, 0.6817957162857056
12,13056,4.313586, 0.6835280060768127
12,13312,4.308109, 0.7109305262565613
12,13568,4.307859, 0.6964521408081055
12,13824,4.309482, 0.6883810758590698
12,14080,4.305410, 0.7158393859863281
12,14336,4.302235, 0.71986985206604
12,14592,4.302412, 0.6972934007644653
12,14848,4.306394, 0.6809551119804382
12,15104,4.305125, 0.7005692720413208
12,15360,4.306087, 0.6924827098846436
12,15616,4.306265, 0.6933373808860779
12,15872,4.304845, 0.6961407661437988
12,16128,4.304715, 0.686556339263916
12,16384,4.299509, 0.7133811116218567
12,16640,4.301464, 0.6767874956130981
12,16896,4.301164, 0.6817380785942078
12,17152,4.301270, 0.6783751845359802
12,17408,4.300535, 0.6855015754699707
12,17664,4.300239, 0.6824414134025574
12,17920,4.299700, 0.6895512342453003
12,18176,4.300640, 0.6761834621429443
12,18432,4.299219, 0.694828987121582
12,18688,4.296620, 0.7002526521682739
12,18944,4.293385, 0.7092400789260864
12,19200,4.289986, 0.70068359375
12,19456,4.288091, 0.6920340657234192
12,19712,4.287525, 0.6768504977226257
12,19968,4.284007, 0.6935580968856812
13,256,4.211116, 0.6746019124984741
13,512,4.170821, 0.6888641119003296
13,768,4.217920, 0.674161434173584
13,1024,4.224957, 0.6843166947364807
13,1280,4.239142, 0.688691258430481
13,1536,4.231695, 0.7106344699859619
13,1792,4.227214, 0.7123129367828369
13,2048,4.194119, 0.7363393306732178
13,2304,4.186932, 0.7173948287963867
13,2560,4.188256, 0.7105462551116943
13,2816,4.164173, 0.7233783602714539
13,3072,4.160654, 0.6987805366516113
13,3328,4.166886, 0.6855753660202026
13,3584,4.158176, 0.6988602876663208
13,3840,4.145996, 0.7066338062286377
13,4096,4.147501, 0.6910433769226074
13,4352,4.148698, 0.6916940212249756
13,4608,4.145577, 0.706195056438446
13,4864,4.143278, 0.7158091068267822
13,5120,4.146162, 0.7112707495689392
13,5376,4.138245, 0.7282549142837524
13,5632,4.133080, 0.7307686805725098
13,5888,4.140979, 0.6991013288497925
13,6144,4.146156, 0.7057998180389404
13,6400,4.152093, 0.6943862438201904
13,6656,4.154486, 0.6985082030296326
13,6912,4.156567, 0.6979603171348572
13,7168,4.154107, 0.7105761170387268
13,7424,4.163100, 0.6877267360687256
13,7680,4.166751, 0.7043148279190063
13,7936,4.162976, 0.7257580757141113
13,8192,4.171410, 0.6999012231826782
13,8448,4.176348, 0.7020620107650757
13,8704,4.183665, 0.7014284133911133
13,8960,4.183915, 0.7292407751083374
13,9216,4.189292, 0.7201414108276367
13,9472,4.195101, 0.7133851051330566
13,9728,4.196927, 0.7292554378509521
13,9984,4.197119, 0.7313939929008484
13,10240,4.201445, 0.7115592360496521
13,10496,4.202709, 0.7127071619033813
13,10752,4.203295, 0.7033176422119141
13,11008,4.206279, 0.6939926743507385
13,11264,4.203110, 0.7149500250816345
13,11520,4.201973, 0.7021536827087402
13,11776,4.206333, 0.6841961741447449
13,12032,4.203493, 0.716799795627594
13,12288,4.198684, 0.7295905351638794
13,12544,4.196426, 0.7061411142349243
13,12800,4.195774, 0.7059338092803955
13,13056,4.196893, 0.6901936531066895
13,13312,4.194066, 0.7115764617919922
13,13568,4.191772, 0.7059161067008972
13,13824,4.191998, 0.7061184048652649
13,14080,4.191831, 0.70632004737854
13,14336,4.189255, 0.7104463577270508
13,14592,4.185876, 0.7179720401763916
13,14848,4.188404, 0.7026560306549072
13,15104,4.187104, 0.7134265303611755
13,15360,4.185066, 0.7220396399497986
13,15616,4.183041, 0.7211511135101318
13,15872,4.177992, 0.7349817752838135
13,16128,4.175996, 0.7062079906463623
13,16384,4.173123, 0.7213584780693054
13,16640,4.169581, 0.7097923755645752
13,16896,4.167711, 0.6992447376251221
13,17152,4.168502, 0.6830207705497742
13,17408,4.171471, 0.6797993183135986
13,17664,4.172174, 0.7003788948059082
13,17920,4.170542, 0.7270724177360535
13,18176,4.167078, 0.7499682903289795
13,18432,4.166648, 0.7295306921005249
13,18688,4.166272, 0.7290701866149902
13,18944,4.164330, 0.7256163358688354
13,19200,4.162049, 0.7104820013046265
13,19456,4.160026, 0.6981292963027954
13,19712,4.159447, 0.6853663921356201
13,19968,4.157859, 0.6924465894699097
14,256,4.199296, 0.687138557434082
14,512,4.099439, 0.7022632360458374
14,768,4.115463, 0.7054141759872437
14,1024,4.126402, 0.7040947079658508
14,1280,4.088860, 0.7279930114746094
14,1536,4.088177, 0.7158452272415161
14,1792,4.099523, 0.7063114047050476
14,2048,4.100271, 0.7047793865203857
14,2304,4.081587, 0.712084174156189
14,2560,4.092702, 0.6909835934638977
14,2816,4.090735, 0.6836161613464355
14,3072,4.108057, 0.6748169660568237
14,3328,4.095809, 0.6942614316940308
14,3584,4.080649, 0.706422746181488
14,3840,4.081534, 0.6863925457000732
14,4096,4.086747, 0.6956301927566528
14,4352,4.081420, 0.7034658789634705
14,4608,4.091007, 0.6900047063827515
14,4864,4.102706, 0.6931521892547607
14,5120,4.099498, 0.7264285087585449
14,5376,4.103170, 0.716035008430481
14,5632,4.105751, 0.7151994705200195
14,5888,4.116991, 0.6962436437606812
14,6144,4.129213, 0.6946651935577393
14,6400,4.134679, 0.7021675705909729
14,6656,4.139878, 0.7073791027069092
14,6912,4.156834, 0.6867572069168091
14,7168,4.159901, 0.7166025638580322
14,7424,4.166944, 0.7200875282287598
14,7680,4.172581, 0.7233415246009827
14,7936,4.170319, 0.7377796173095703
14,8192,4.175734, 0.7065262794494629
14,8448,4.181295, 0.6978654861450195
14,8704,4.187315, 0.7015280723571777
14,8960,4.196843, 0.6969455480575562
14,9216,4.198562, 0.7140147686004639
14,9472,4.206503, 0.6914763450622559
14,9728,4.209173, 0.7189485430717468
14,9984,4.210622, 0.72453773021698
14,10240,4.216479, 0.6972829103469849
14,10496,4.220883, 0.706734299659729
14,10752,4.229504, 0.6939208507537842
14,11008,4.233066, 0.7140635251998901
14,11264,4.235557, 0.7162697315216064
14,11520,4.236032, 0.7204006910324097
14,11776,4.237097, 0.7064824104309082
14,12032,4.240361, 0.6991885900497437
14,12288,4.243041, 0.698390543460846
14,12544,4.241419, 0.7124959230422974
14,12800,4.241511, 0.7048964500427246
14,13056,4.241020, 0.7052783966064453
14,13312,4.241180, 0.7001084089279175
14,13568,4.236633, 0.7269830703735352
14,13824,4.237694, 0.6989879608154297
14,14080,4.234854, 0.7175003290176392
14,14336,4.235505, 0.6984372138977051
14,14592,4.233358, 0.7017282843589783
14,14848,4.234436, 0.6869956254959106
14,15104,4.235801, 0.6878072023391724
14,15360,4.235892, 0.6816114187240601
14,15616,4.236620, 0.6903303265571594
14,15872,4.239328, 0.6934075355529785
14,16128,4.238672, 0.7140637636184692
14,16384,4.237005, 0.7210845947265625
14,16640,4.238398, 0.7009268999099731
14,16896,4.241432, 0.6902772188186646
14,17152,4.242827, 0.7005562782287598
14,17408,4.241871, 0.7058461904525757
14,17664,4.244162, 0.6878141164779663
14,17920,4.242249, 0.7037523984909058
14,18176,4.242789, 0.6859356164932251
14,18432,4.244996, 0.6773510575294495
14,18688,4.246695, 0.6788626909255981
14,18944,4.244828, 0.7092598676681519
14,19200,4.242506, 0.7069627642631531
14,19456,4.241113, 0.704693078994751
14,19712,4.243160, 0.6766253709793091
14,19968,4.242201, 0.7017869353294373
15,256,4.058058, 0.697892963886261
15,512,4.106806, 0.6950709819793701
15,768,4.175440, 0.6694269180297852
15,1024,4.159400, 0.6831981539726257
15,1280,4.174061, 0.677987277507782
15,1536,4.160485, 0.69619220495224
15,1792,4.166975, 0.685053825378418
15,2048,4.173239, 0.686408519744873
15,2304,4.169381, 0.6956367492675781
15,2560,4.170913, 0.6854534149169922
15,2816,4.157562, 0.7039289474487305
15,3072,4.164338, 0.6896160244941711
15,3328,4.172803, 0.6828161478042603
15,3584,4.186901, 0.6800198554992676
15,3840,4.174510, 0.7104876041412354
15,4096,4.169662, 0.6893937587738037
15,4352,4.169764, 0.6822600364685059
15,4608,4.181919, 0.667901873588562
15,4864,4.186597, 0.684360146522522
15,5120,4.193033, 0.6798053979873657
15,5376,4.193271, 0.693560004234314
15,5632,4.193208, 0.7026154398918152
15,5888,4.203625, 0.6881318688392639
15,6144,4.201993, 0.7132675051689148
15,6400,4.197242, 0.7174503207206726
15,6656,4.195725, 0.7050415277481079
15,6912,4.191785, 0.7020139694213867
15,7168,4.189770, 0.6862587928771973
15,7424,4.185734, 0.6858310699462891
15,7680,4.181690, 0.6849265098571777
15,7936,4.183597, 0.6722917556762695
15,8192,4.183081, 0.6738321781158447
15,8448,4.183971, 0.6768690347671509
15,8704,4.184152, 0.6741365194320679
15,8960,4.179569, 0.6982625722885132
15,9216,4.185507, 0.67527174949646
15,9472,4.188442, 0.680307149887085
15,9728,4.194246, 0.6853317022323608
15,9984,4.199534, 0.6907281875610352
15,10240,4.204500, 0.6908658742904663
15,10496,4.207029, 0.7008704543113708
15,10752,4.214655, 0.6904681324958801
15,11008,4.221496, 0.6912461519241333
15,11264,4.230287, 0.6898043751716614
15,11520,4.236225, 0.6971056461334229
15,11776,4.245757, 0.6899595260620117
15,12032,4.250399, 0.7091267108917236
15,12288,4.253018, 0.7189080715179443
15,12544,4.261445, 0.7001730799674988
15,12800,4.266051, 0.7063661217689514
15,13056,4.271870, 0.7034401297569275
15,13312,4.272236, 0.7168855667114258
15,13568,4.274979, 0.6910609006881714
15,13824,4.277994, 0.6889156699180603
15,14080,4.283343, 0.6847531795501709
15,14336,4.286057, 0.6803258657455444
15,14592,4.287899, 0.6968343257904053
15,14848,4.289870, 0.6974716186523438
15,15104,4.292059, 0.7064608931541443
15,15360,4.294851, 0.7168272733688354
15,15616,4.300616, 0.697780966758728
15,15872,4.304130, 0.7159868478775024
15,16128,4.307727, 0.7137085199356079
15,16384,4.309123, 0.7164391279220581
15,16640,4.312254, 0.7033071517944336
15,16896,4.314265, 0.6997132301330566
15,17152,4.318364, 0.6881102323532104
15,17408,4.321288, 0.693621039390564
15,17664,4.323219, 0.7039899826049805
15,17920,4.329824, 0.685181736946106
15,18176,4.333073, 0.7065593600273132
15,18432,4.334147, 0.7341480255126953
15,18688,4.339772, 0.7085238695144653
15,18944,4.344755, 0.7087653279304504
15,19200,4.347337, 0.7261282205581665
15,19456,4.350609, 0.7153438329696655
15,19712,4.352968, 0.7050671577453613
15,19968,4.354910, 0.7100797891616821
16,256,4.738444, 0.6749119162559509
16,512,4.619127, 0.7012443542480469
16,768,4.600210, 0.6890023946762085
16,1024,4.623555, 0.6796826124191284
16,1280,4.613653, 0.6981567144393921
16,1536,4.611286, 0.6974419355392456
16,1792,4.590247, 0.7208963632583618
16,2048,4.583848, 0.7233060002326965
16,2304,4.585699, 0.7200689315795898
16,2560,4.576351, 0.7295847535133362
16,2816,4.576274, 0.728598415851593
16,3072,4.574937, 0.7230947613716125
16,3328,4.560723, 0.7314561009407043
16,3584,4.564006, 0.7054123878479004
16,3840,4.566889, 0.7085462212562561
16,4096,4.566680, 0.6995784640312195
16,4352,4.559153, 0.704508900642395
16,4608,4.554830, 0.7033761143684387
16,4864,4.553526, 0.7004860639572144
16,5120,4.545378, 0.7053313255310059
16,5376,4.551676, 0.6883630752563477
16,5632,4.547473, 0.7065795063972473
16,5888,4.547990, 0.6990754008293152
16,6144,4.552525, 0.7014273405075073
16,6400,4.551555, 0.7158077955245972
16,6656,4.555833, 0.7055962085723877
16,6912,4.553468, 0.7275735139846802
16,7168,4.559249, 0.7103992700576782
16,7424,4.555390, 0.7224900126457214
16,7680,4.558955, 0.7102359533309937
16,7936,4.553644, 0.7275850772857666
16,8192,4.556036, 0.6973100900650024
16,8448,4.553597, 0.7095905542373657
16,8704,4.550944, 0.7052251100540161
16,8960,4.546228, 0.700766921043396
16,9216,4.545350, 0.6945534944534302
16,9472,4.550014, 0.6952275037765503
16,9728,4.542550, 0.7286489605903625
16,9984,4.543590, 0.7187443971633911
16,10240,4.547590, 0.7059624791145325
16,10496,4.551446, 0.7180026173591614
16,10752,4.556710, 0.7354446053504944
16,11008,4.562881, 0.7408448457717896
16,11264,4.570909, 0.736794114112854
16,11520,4.578459, 0.7354792356491089
16,11776,4.583109, 0.7352877855300903
16,12032,4.589849, 0.7285583019256592
16,12288,4.594277, 0.727014422416687
16,12544,4.595377, 0.7399500012397766
16,12800,4.597752, 0.7289684414863586
16,13056,4.603190, 0.7116998434066772
16,13312,4.607601, 0.7126765251159668
16,13568,4.609069, 0.7338316440582275
16,13824,4.609355, 0.7318260669708252
16,14080,4.608799, 0.7328929305076599
16,14336,4.613885, 0.6992611289024353
16,14592,4.614228, 0.7091721296310425
16,14848,4.612246, 0.7077775001525879
16,15104,4.616726, 0.6827049255371094
16,15360,4.620383, 0.6961292028427124
16,15616,4.623792, 0.7116072177886963
16,15872,4.623305, 0.7482144236564636
16,16128,4.626133, 0.7383197546005249
16,16384,4.629312, 0.7469105124473572
16,16640,4.631491, 0.7439315319061279
16,16896,4.634083, 0.7404147982597351
16,17152,4.637575, 0.7153909206390381
16,17408,4.642217, 0.7106615304946899
16,17664,4.647463, 0.7049275636672974
16,17920,4.650246, 0.7261698246002197
16,18176,4.654194, 0.7291519641876221
16,18432,4.657957, 0.7395319938659668
16,18688,4.660097, 0.7584192752838135
16,18944,4.662941, 0.7600584030151367
16,19200,4.666184, 0.764495849609375
16,19456,4.669886, 0.7451767921447754
16,19712,4.675085, 0.7288421392440796
16,19968,4.677651, 0.7485663294792175
17,256,5.076797, 0.7299027442932129
17,512,5.121936, 0.7331007719039917
17,768,5.110380, 0.7496018409729004
17,1024,5.087334, 0.7548216581344604
17,1280,5.047547, 0.7774693965911865
17,1536,5.017197, 0.7836648225784302
17,1792,4.973886, 0.7828240394592285
17,2048,4.968318, 0.7561107873916626
17,2304,4.942766, 0.751623272895813
17,2560,4.933308, 0.7232344746589661
17,2816,4.919254, 0.737847626209259
17,3072,4.899405, 0.7405741810798645
17,3328,4.895915, 0.7235642075538635
17,3584,4.884402, 0.7318693995475769
17,3840,4.863373, 0.7591391801834106
17,4096,4.846592, 0.7616963386535645
17,4352,4.834542, 0.7614485025405884
17,4608,4.830917, 0.746549665927887
17,4864,4.819489, 0.7563858032226562
17,5120,4.819376, 0.7500622272491455
17,5376,4.820640, 0.7392750978469849
17,5632,4.824751, 0.7379888296127319
17,5888,4.816528, 0.7662844657897949
17,6144,4.809804, 0.7666351199150085
17,6400,4.804525, 0.7573246359825134
17,6656,4.798413, 0.7633626461029053
17,6912,4.798624, 0.7420438528060913
17,7168,4.794846, 0.7532431483268738
17,7424,4.791165, 0.7374999523162842
17,7680,4.791377, 0.7345916032791138
17,7936,4.785552, 0.7513779997825623
17,8192,4.785879, 0.7276314496994019
17,8448,4.783993, 0.7293503284454346
17,8704,4.782823, 0.739820122718811
17,8960,4.780897, 0.7429728507995605
17,9216,4.775728, 0.7563676238059998
17,9472,4.771194, 0.765741229057312
17,9728,4.767188, 0.7575123310089111
17,9984,4.766883, 0.7427139282226562
17,10240,4.766869, 0.7419923543930054
17,10496,4.764296, 0.7520350217819214
17,10752,4.759335, 0.7639936804771423
17,11008,4.760011, 0.7425656318664551
17,11264,4.756809, 0.7657623291015625
17,11520,4.755387, 0.7533553838729858
17,11776,4.756662, 0.7380306720733643
17,12032,4.751598, 0.7568725347518921
17,12288,4.747920, 0.7476380467414856
17,12544,4.743045, 0.7584006786346436
17,12800,4.738453, 0.7558996677398682
17,13056,4.738627, 0.7264307737350464
17,13312,4.732494, 0.7628676891326904
17,13568,4.732376, 0.7409179210662842
17,13824,4.731319, 0.7486838102340698
17,14080,4.730355, 0.7504416108131409
17,14336,4.732418, 0.7452919483184814
17,14592,4.732404, 0.7624489068984985
17,14848,4.735026, 0.7497532367706299
17,15104,4.740604, 0.7456201910972595
17,15360,4.745396, 0.7610141038894653
17,15616,4.751943, 0.7742330431938171
17,15872,4.759635, 0.7868296504020691
17,16128,4.763246, 0.8131715059280396
17,16384,4.767712, 0.81046462059021
17,16640,4.772272, 0.8148266673088074
17,16896,4.775218, 0.8143506050109863
17,17152,4.781925, 0.7797127366065979
17,17408,4.790605, 0.7662351131439209
17,17664,4.793964, 0.7849688529968262
17,17920,4.800368, 0.7677720785140991
17,18176,4.807433, 0.7652026414871216
17,18432,4.814017, 0.7849100828170776
17,18688,4.821226, 0.789849579334259
17,18944,4.828248, 0.7978566884994507
17,19200,4.835107, 0.8136578798294067
17,19456,4.840197, 0.8449879884719849
17,19712,4.848285, 0.8274739980697632
17,19968,4.855750, 0.8312650918960571
18,256,5.400721, 0.8453214764595032
18,512,5.421457, 0.8499657511711121
18,768,5.418466, 0.8381519317626953
18,1024,5.435991, 0.8260324001312256
18,1280,5.429815, 0.8367941975593567
18,1536,5.421474, 0.8411736488342285
18,1792,5.423311, 0.8180975914001465
18,2048,5.419436, 0.8149634599685669
18,2304,5.417568, 0.826667308807373
18,2560,5.420679, 0.8042291402816772
18,2816,5.415571, 0.8101420998573303
18,3072,5.421104, 0.8020244836807251
18,3328,5.413851, 0.8179473876953125
18,3584,5.406786, 0.823611319065094
18,3840,5.399201, 0.8282358646392822
18,4096,5.402172, 0.8200684785842896
18,4352,5.397233, 0.8304581046104431
18,4608,5.399481, 0.8216290473937988
18,4864,5.401245, 0.8176442384719849
18,5120,5.402952, 0.8208482265472412
18,5376,5.409180, 0.8108865022659302
18,5632,5.411652, 0.8181847929954529
18,5888,5.414411, 0.8249830007553101
18,6144,5.414856, 0.8417353630065918
18,6400,5.412558, 0.8426008224487305
18,6656,5.411376, 0.8394126892089844
18,6912,5.412445, 0.8322324752807617
18,7168,5.421054, 0.8071062564849854
18,7424,5.421740, 0.8236784934997559
18,7680,5.418765, 0.8397671580314636
18,7936,5.418352, 0.8281166553497314
18,8192,5.417270, 0.8354940414428711
18,8448,5.411844, 0.8420706391334534
18,8704,5.410332, 0.8343409299850464
18,8960,5.414010, 0.80530846118927
18,9216,5.414084, 0.8244534730911255
18,9472,5.412820, 0.8233093023300171
18,9728,5.413687, 0.8150604963302612
18,9984,5.411560, 0.8423436284065247
18,10240,5.408155, 0.839697539806366
18,10496,5.406663, 0.8409831523895264
18,10752,5.407816, 0.8262548446655273
18,11008,5.407909, 0.8217408657073975
18,11264,5.405509, 0.8184775710105896
18,11520,5.405178, 0.8281840682029724
18,11776,5.400861, 0.8338220119476318
18,12032,5.394368, 0.8427910804748535
18,12288,5.392226, 0.8283208012580872
18,12544,5.388675, 0.8371666669845581
18,12800,5.384774, 0.8196064233779907
18,13056,5.382794, 0.8232740163803101
18,13312,5.379841, 0.814153790473938
18,13568,5.379741, 0.8024256229400635
18,13824,5.377823, 0.8209313750267029
18,14080,5.375509, 0.8381612300872803
18,14336,5.372284, 0.8407592177391052
18,14592,5.370498, 0.8442249298095703
18,14848,5.366982, 0.8633683919906616
18,15104,5.362560, 0.8610284328460693
18,15360,5.357978, 0.8615210056304932
18,15616,5.353757, 0.8528723120689392
18,15872,5.349503, 0.8434712886810303
18,16128,5.346778, 0.8253799080848694
18,16384,5.342402, 0.8218790292739868
18,16640,5.337224, 0.8425265550613403
18,16896,5.334647, 0.8148837089538574
18,17152,5.328759, 0.8326796889305115
18,17408,5.326873, 0.8153277635574341
18,17664,5.323646, 0.830829381942749
18,17920,5.318415, 0.8460224866867065
18,18176,5.315602, 0.8318427801132202
18,18432,5.312584, 0.8301489353179932
18,18688,5.309567, 0.8475033044815063
18,18944,5.305610, 0.8536940813064575
18,19200,5.303507, 0.8442420363426208
18,19456,5.298417, 0.8522696495056152
18,19712,5.294321, 0.8529185056686401
18,19968,5.289519, 0.8453572392463684
19,256,4.937371, 0.8518235087394714
19,512,4.888334, 0.8530799150466919
19,768,4.936974, 0.823769211769104
19,1024,4.956148, 0.8186068534851074
19,1280,4.939797, 0.8305927515029907
19,1536,4.925781, 0.8195693492889404
19,1792,4.922621, 0.8198225498199463
19,2048,4.936509, 0.8098899722099304
19,2304,4.937100, 0.8126059770584106
19,2560,4.936588, 0.8097662925720215
19,2816,4.956400, 0.8143156170845032
19,3072,4.961090, 0.8364775776863098
19,3328,4.958752, 0.8369925022125244
19,3584,4.959472, 0.8334870338439941
19,3840,4.960902, 0.8362244963645935
19,4096,4.961188, 0.8408874273300171
19,4352,4.964183, 0.8330237865447998
19,4608,4.964472, 0.8265765905380249
19,4864,4.969441, 0.8155357837677002
19,5120,4.967487, 0.8179745674133301
19,5376,4.958498, 0.8191688656806946
19,5632,4.957882, 0.7991217374801636
19,5888,4.952784, 0.7951041460037231
19,6144,4.953192, 0.7937527298927307
19,6400,4.950483, 0.7971727848052979
19,6656,4.951041, 0.787255048751831
19,6912,4.951986, 0.7887893915176392
19,7168,4.955395, 0.7844254970550537
19,7424,4.953221, 0.8126220703125
19,7680,4.953840, 0.8189486265182495
19,7936,4.954855, 0.8156237006187439
19,8192,4.953378, 0.8202675580978394
19,8448,4.956001, 0.815710186958313
19,8704,4.956601, 0.8077979683876038
19,8960,4.957147, 0.8034548163414001
19,9216,4.956779, 0.8120009303092957
19,9472,4.959059, 0.7999825477600098
19,9728,4.957131, 0.8079591393470764
19,9984,4.958406, 0.7859784960746765
19,10240,4.955794, 0.8197555541992188
19,10496,4.954026, 0.8107330799102783
19,10752,4.953937, 0.8044986128807068
19,11008,4.954909, 0.8047449588775635
19,11264,4.952868, 0.8152849674224854
19,11520,4.952760, 0.8073849678039551
19,11776,4.952115, 0.8026686906814575
19,12032,4.955362, 0.7831677794456482
19,12288,4.956706, 0.7852747440338135
19,12544,4.957812, 0.7942206859588623
19,12800,4.956585, 0.8116371631622314
19,13056,4.958155, 0.8074842095375061
19,13312,4.960006, 0.8063984513282776
19,13568,4.964405, 0.8035908341407776
19,13824,4.966905, 0.8007062673568726
19,14080,4.970297, 0.8196088075637817
19,14336,4.971578, 0.8246631026268005
19,14592,4.974309, 0.8159003257751465
19,14848,4.975946, 0.8205573558807373
19,15104,4.975731, 0.8297710418701172
19,15360,4.978278, 0.8142343759536743
19,15616,4.980057, 0.8080624938011169
19,15872,4.980950, 0.8171047568321228
19,16128,4.982135, 0.8085381388664246
19,16384,4.982583, 0.8033123016357422
19,16640,4.981039, 0.8008379340171814
19,16896,4.982042, 0.8015525937080383
19,17152,4.982549, 0.7884849309921265
19,17408,4.981353, 0.8007888793945312
19,17664,4.983332, 0.7968908548355103
19,17920,4.983972, 0.8035827875137329
19,18176,4.983695, 0.7990634441375732
19,18432,4.984130, 0.7938034534454346
19,18688,4.983946, 0.8019310832023621
19,18944,4.985852, 0.7815918922424316
19,19200,4.987462, 0.7778753042221069
19,19456,4.986947, 0.8007885813713074
19,19712,4.987406, 0.8089792728424072
19,19968,4.988115, 0.8099378943443298
20,256,5.115706, 0.7968435883522034
20,512,5.025053, 0.8073970079421997
20,768,4.985806, 0.8080301284790039
20,1024,5.002255, 0.7966564297676086
20,1280,4.976300, 0.8095499277114868
20,1536,4.988153, 0.7925629615783691
20,1792,4.998372, 0.801832914352417
20,2048,5.004269, 0.7902612686157227
20,2304,4.989725, 0.7900952100753784
20,2560,4.984314, 0.787853479385376
20,2816,4.979521, 0.7874093055725098
20,3072,4.983354, 0.7637253999710083
20,3328,4.988475, 0.768134355545044
20,3584,4.988639, 0.7923078536987305
20,3840,4.996563, 0.7738250494003296
20,4096,4.998745, 0.7985321283340454
20,4352,4.998336, 0.8066343665122986
20,4608,5.000721, 0.8053523898124695
20,4864,5.001467, 0.8123887181282043
20,5120,5.005779, 0.8123398423194885
20,5376,5.003777, 0.8095583319664001
20,5632,5.001355, 0.8110712766647339
20,5888,5.003416, 0.7960550785064697
20,6144,5.007014, 0.7846502661705017
20,6400,5.007306, 0.7965205907821655
20,6656,5.007553, 0.790468156337738
20,6912,5.006977, 0.7747538089752197
20,7168,5.004870, 0.7855782508850098
20,7424,5.008364, 0.765155553817749
20,7680,5.009071, 0.7838256359100342
20,7936,5.005352, 0.799010157585144
20,8192,4.997420, 0.8196061849594116
20,8448,4.998316, 0.809553861618042
20,8704,4.993565, 0.8128364086151123
20,8960,4.989615, 0.8120706081390381
20,9216,4.984959, 0.8049125075340271
20,9472,4.980779, 0.8080989122390747
20,9728,4.978325, 0.7851467728614807
20,9984,4.970292, 0.7945221662521362
20,10240,4.969435, 0.7736716270446777
20,10496,4.966934, 0.774767279624939
20,10752,4.963357, 0.7726540565490723
20,11008,4.961430, 0.7748847007751465
20,11264,4.961416, 0.7702757120132446
20,11520,4.959651, 0.7867024540901184
20,11776,4.957568, 0.7887261509895325
20,12032,4.956172, 0.8036719560623169
20,12288,4.955565, 0.8180093765258789
20,12544,4.955329, 0.811936616897583
20,12800,4.953688, 0.8096522092819214
20,13056,4.954180, 0.8007350564002991
20,13312,4.953954, 0.7993851900100708
20,13568,4.952378, 0.8019036650657654
20,13824,4.952183, 0.8061003088951111
20,14080,4.948674, 0.8187192678451538
20,14336,4.951601, 0.801665186882019
20,14592,4.950960, 0.8065609931945801
20,14848,4.950517, 0.8114386796951294
20,15104,4.951049, 0.8038545250892639
20,15360,4.949358, 0.8074541687965393
20,15616,4.950541, 0.80461186170578
20,15872,4.948660, 0.8104976415634155
20,16128,4.946087, 0.8150596022605896
20,16384,4.944295, 0.8097755908966064
20,16640,4.943431, 0.8011854887008667
20,16896,4.942347, 0.8018659949302673
20,17152,4.942485, 0.8048791885375977
20,17408,4.941657, 0.7967426180839539
20,17664,4.941138, 0.8059748411178589
20,17920,4.939458, 0.8140324950218201
20,18176,4.937576, 0.8087011575698853
20,18432,4.937758, 0.798557460308075
20,18688,4.937881, 0.8049019575119019
20,18944,4.936652, 0.8086436986923218
20,19200,4.935506, 0.8042949438095093
20,19456,4.936372, 0.8063719272613525
20,19712,4.931853, 0.8283373713493347
20,19968,4.930853, 0.8093348741531372
21,256,4.889959, 0.7997090220451355
21,512,4.802736, 0.818690299987793
21,768,4.817636, 0.8068022727966309
21,1024,4.851138, 0.8047420978546143
21,1280,4.854178, 0.8022017478942871
21,1536,4.850285, 0.8022893667221069
21,1792,4.846820, 0.8126890659332275
21,2048,4.833847, 0.8176859617233276
21,2304,4.826707, 0.8180457353591919
21,2560,4.822290, 0.8069703578948975
21,2816,4.818168, 0.8148947954177856
21,3072,4.813655, 0.8131595253944397
21,3328,4.818943, 0.8068693280220032
21,3584,4.812126, 0.8200552463531494
21,3840,4.818581, 0.7951151132583618
21,4096,4.816191, 0.8169074058532715
21,4352,4.814179, 0.8249118328094482
21,4608,4.815940, 0.8201919794082642
21,4864,4.817303, 0.8179279565811157
21,5120,4.818119, 0.8119800686836243
21,5376,4.819642, 0.812824010848999
21,5632,4.814631, 0.8212555646896362
21,5888,4.811006, 0.8151043057441711
21,6144,4.806982, 0.8147393465042114
21,6400,4.806198, 0.8143858909606934
21,6656,4.805034, 0.8020944595336914
21,6912,4.803867, 0.8117070198059082
21,7168,4.806329, 0.8045722842216492
21,7424,4.806651, 0.8073923587799072
21,7680,4.806018, 0.8041578531265259
21,7936,4.806968, 0.8020858764648438
21,8192,4.812453, 0.8019548654556274
21,8448,4.806958, 0.8277218341827393
21,8704,4.802960, 0.8126461505889893
21,8960,4.804717, 0.810850203037262
21,9216,4.802521, 0.8173203468322754
21,9472,4.800308, 0.8187244534492493
21,9728,4.798643, 0.8094197511672974
21,9984,4.798912, 0.806695282459259
21,10240,4.800405, 0.7942235469818115
21,10496,4.799831, 0.812373161315918
21,10752,4.798553, 0.810413122177124
21,11008,4.802366, 0.7950578927993774
21,11264,4.803590, 0.8037598133087158
21,11520,4.800193, 0.8223240375518799
21,11776,4.802150, 0.798985481262207
21,12032,4.799954, 0.8169996738433838
21,12288,4.799154, 0.8147597312927246
21,12544,4.796210, 0.8230273127555847
21,12800,4.794934, 0.8200748562812805
21,13056,4.795228, 0.8167318105697632
21,13312,4.793736, 0.8220365047454834
21,13568,4.791920, 0.8144825100898743
21,13824,4.791492, 0.814500093460083
21,14080,4.793564, 0.8056140542030334
21,14336,4.794506, 0.8118309378623962
21,14592,4.794524, 0.8125527501106262
21,14848,4.794914, 0.8189311027526855
21,15104,4.794075, 0.8268694877624512
21,15360,4.793006, 0.8201531767845154
21,15616,4.791483, 0.8243070840835571
21,15872,4.789670, 0.821620762348175
21,16128,4.788683, 0.8273620009422302
21,16384,4.789472, 0.8094499111175537
21,16640,4.788407, 0.8125354051589966
21,16896,4.787944, 0.8163709044456482
21,17152,4.785660, 0.8153597116470337
21,17408,4.783917, 0.8134735226631165
21,17664,4.783944, 0.7950506210327148
21,17920,4.781811, 0.8170391321182251
21,18176,4.780234, 0.8091655373573303
21,18432,4.779280, 0.8011723756790161
21,18688,4.779546, 0.7970201969146729
21,18944,4.779518, 0.7889269590377808
21,19200,4.777397, 0.812129020690918
21,19456,4.778293, 0.796582043170929
21,19712,4.778969, 0.7909421920776367
21,19968,4.778760, 0.8003437519073486
22,256,4.753329, 0.805635929107666
22,512,4.737580, 0.8052403926849365
22,768,4.742340, 0.8062990307807922
22,1024,4.741083, 0.8035422563552856
22,1280,4.733553, 0.809556782245636
22,1536,4.710504, 0.8103176355361938
22,1792,4.715229, 0.8090503215789795
22,2048,4.736673, 0.7959131002426147
22,2304,4.754422, 0.7996443510055542
22,2560,4.770069, 0.791907012462616
22,2816,4.758805, 0.8096188306808472
22,3072,4.765257, 0.8035721778869629
22,3328,4.764241, 0.8060482740402222
22,3584,4.775844, 0.8030719757080078
22,3840,4.765006, 0.8170313835144043
22,4096,4.769289, 0.8045709133148193
22,4352,4.766885, 0.815865159034729
22,4608,4.760288, 0.8103405237197876
22,4864,4.755519, 0.8216068744659424
22,5120,4.753972, 0.8084775805473328
22,5376,4.747734, 0.8078376054763794
22,5632,4.746502, 0.7986812591552734
22,5888,4.743975, 0.8075244426727295
22,6144,4.748384, 0.7907253503799438
22,6400,4.749228, 0.7996102571487427
22,6656,4.753837, 0.7941277027130127
22,6912,4.758176, 0.793111264705658
22,7168,4.755401, 0.8047120571136475
22,7424,4.752566, 0.8054969310760498
22,7680,4.751966, 0.805338978767395
22,7936,4.750702, 0.8020954132080078
22,8192,4.752485, 0.7963366508483887
22,8448,4.752408, 0.8037292957305908
22,8704,4.753760, 0.8016077280044556
22,8960,4.756049, 0.8008334636688232
22,9216,4.756966, 0.808544397354126
22,9472,4.758579, 0.8000888824462891
22,9728,4.756600, 0.8009589910507202
22,9984,4.756348, 0.8089622259140015
22,10240,4.758858, 0.7925188541412354
22,10496,4.760829, 0.8011728525161743
22,10752,4.763265, 0.8063873052597046
22,11008,4.767232, 0.7939466834068298
22,11264,4.767924, 0.8100929260253906
22,11520,4.766499, 0.8201816082000732
22,11776,4.766589, 0.8193917274475098
22,12032,4.767615, 0.8077940940856934
22,12288,4.769520, 0.8085891604423523
22,12544,4.768705, 0.8248799443244934
22,12800,4.771932, 0.8085281848907471
22,13056,4.771093, 0.8259807229042053
22,13312,4.772535, 0.822523832321167
22,13568,4.770979, 0.8275752067565918
22,13824,4.770967, 0.8136777281761169
22,14080,4.772210, 0.8125977516174316
22,14336,4.771573, 0.8084093928337097
22,14592,4.772227, 0.8093522787094116
22,14848,4.769365, 0.8293533325195312
22,15104,4.771012, 0.8024191856384277
22,15360,4.771568, 0.8081724047660828
22,15616,4.771840, 0.8105162382125854
22,15872,4.773577, 0.8118112087249756
22,16128,4.773276, 0.8107528686523438
22,16384,4.773239, 0.8113114237785339
22,16640,4.772559, 0.8135992288589478
22,16896,4.772340, 0.8101006746292114
22,17152,4.774107, 0.7987256050109863
22,17408,4.774815, 0.8003168702125549
22,17664,4.775736, 0.8038593530654907
22,17920,4.775801, 0.8054752349853516
22,18176,4.774703, 0.8088512420654297
22,18432,4.774390, 0.8111245036125183
22,18688,4.774458, 0.7972608804702759
22,18944,4.774621, 0.8039900660514832
22,19200,4.774595, 0.8059163093566895
22,19456,4.775461, 0.8000479936599731
22,19712,4.776331, 0.8012213706970215
22,19968,4.775433, 0.8234713077545166
23,256,4.694938, 0.8191810250282288
23,512,4.711144, 0.817091703414917
23,768,4.733910, 0.813266396522522
23,1024,4.733347, 0.8162988424301147
23,1280,4.756177, 0.8006311655044556
23,1536,4.748994, 0.8059811592102051
23,1792,4.751838, 0.804659366607666
23,2048,4.743526, 0.8190193176269531
23,2304,4.728501, 0.8288248777389526
23,2560,4.723675, 0.8149412870407104
23,2816,4.741044, 0.7893582582473755
23,3072,4.736595, 0.8232710957527161
23,3328,4.747252, 0.8043146729469299
23,3584,4.740555, 0.8126306533813477
23,3840,4.733964, 0.8189747333526611
23,4096,4.727160, 0.8179992437362671
23,4352,4.731792, 0.8005672693252563
23,4608,4.730476, 0.8121240139007568
23,4864,4.732560, 0.8010788559913635
23,5120,4.734605, 0.8116837739944458
23,5376,4.737886, 0.8020390868186951
23,5632,4.740666, 0.8044131398200989
23,5888,4.738070, 0.8117758631706238
23,6144,4.735817, 0.8096655011177063
23,6400,4.737370, 0.8028822541236877
23,6656,4.739337, 0.804357647895813
23,6912,4.736908, 0.8120283484458923
23,7168,4.738672, 0.8037605285644531
23,7424,4.742309, 0.8161860704421997
23,7680,4.748733, 0.796983003616333
23,7936,4.750226, 0.7982752323150635
23,8192,4.750093, 0.8023288249969482
23,8448,4.750436, 0.8176408410072327
23,8704,4.746977, 0.8165240287780762
23,8960,4.748974, 0.8036232590675354
23,9216,4.745912, 0.8274985551834106
23,9472,4.747708, 0.803531289100647
23,9728,4.749177, 0.8193691968917847
23,9984,4.749244, 0.815025806427002
23,10240,4.751553, 0.8031092882156372
23,10496,4.749066, 0.8152079582214355
23,10752,4.749354, 0.8130263090133667
23,11008,4.748473, 0.8176735639572144
23,11264,4.747723, 0.8097414374351501
23,11520,4.746441, 0.8215228319168091
23,11776,4.746500, 0.8122797608375549
23,12032,4.744208, 0.8182542324066162
23,12288,4.744733, 0.8073590397834778
23,12544,4.743698, 0.8140865564346313
23,12800,4.741060, 0.8222761154174805
23,13056,4.740344, 0.8142377138137817
23,13312,4.740815, 0.8035629391670227
23,13568,4.741861, 0.8037436008453369
23,13824,4.741397, 0.8018270134925842
23,14080,4.740616, 0.8114001750946045
23,14336,4.737093, 0.8232602477073669
23,14592,4.739533, 0.8126239776611328
23,14848,4.738275, 0.8090531229972839
23,15104,4.735879, 0.8286309242248535
23,15360,4.735361, 0.8005220293998718
23,15616,4.735730, 0.8075271248817444
23,15872,4.735342, 0.8059389591217041
23,16128,4.735209, 0.8177486658096313
23,16384,4.734301, 0.8002837300300598
23,16640,4.735632, 0.8016742467880249
23,16896,4.735580, 0.8039162158966064
23,17152,4.734263, 0.8177817463874817
23,17408,4.733660, 0.8119300603866577
23,17664,4.734562, 0.8035023808479309
23,17920,4.733881, 0.8082666993141174
23,18176,4.732569, 0.8192449808120728
23,18432,4.730016, 0.8223473429679871
23,18688,4.729786, 0.8085276484489441
23,18944,4.727464, 0.8145354390144348
23,19200,4.728463, 0.796262800693512
23,19456,4.729879, 0.8065722584724426
23,19712,4.731430, 0.792202353477478
23,19968,4.730391, 0.803216814994812
1,256,6.001650, 0.9351220726966858
1,512,5.931617, 0.927933931350708
1,768,5.920966, 0.8994969725608826
1,1024,5.859182, 0.8878531455993652
1,1280,5.818510, 0.8577948212623596
1,1536,5.773160, 0.8263956308364868
1,1792,5.734787, 0.7895426750183105
1,2048,5.683572, 0.759101390838623
1,2304,5.643948, 0.7129346132278442
1,2560,5.573536, 0.6977857947349548
1,2816,5.546240, 0.6255546808242798
